data/maize-planting-doy_0.5deg_4326_wgs84_africa.asc
NCOLS 720 
NROWS 360 
XLLCORNER -180 
YLLCORNER -90 
CELLSIZE 0.5 
NODATA_value -9999 
[rows 140 to 174 of 360, columns 395 to 473 of 720]
180 180 180 180 185 185 195 195 195 195 195 195 32 152 152 152 121 121 121 121 121 121 121 121 121 121 121 121 121 121 121 121 121 121 121 121 121 121 121 121 -9999 -9999 -9999 -9999 -9999 -9999 -9999 -9999 -9999 -9999 -9999 -9999 -9999 -9999 -9999 -9999 -9999 -9999 -9999 -9999 -9999 -9999 -9999 -9999 -9999 -9999 -9999 -9999 -9999 -9999 -9999 -9999 -9999 -9999 -9999 -9999 -9999 -9999 -9999
180 180 180 185 185 185 195 195 195 195 195 195 195 152 152 152 121 121 121 121 121 121 121 121 121 121 121 121 121 121 121 121 121 121 121 121 121 121 121 152 -9999 -9999 -9999 -9999 -9999 -9999 -9999 -9999 -9999 -9999 -9999 -9999 -9999 -9999 -9999 -9999 -9999 -9999 -9999 -9999 -9999 -9999 -9999 -9999 -9999 -9999 -9999 -9999 -9999 -9999 -9999 -9999 -9999 -9999 -9999 -9999 -9999 -9999 -9999
180 180 185 185 185 185 195 195 195 195 195 195 195 152 152 152 121 121 121 121 121 121 121 121 121 121 121 121 121 121 121 121 121 121 121 121 121 152 152 152 -9999 -9999 -9999 -9999 -9999 -9999 -9999 -9999 -9999 -9999 -9999 -9999 -9999 -9999 -9999 -9999 -9999 -9999 -9999 -9999 -9999 -9999 -9999 -9999 -9999 -9999 -9999 -9999 -9999 -9999 -9999 -9999 -9999 -9999 -9999 -9999 -9999 -9999 -9999
180 185 185 185 185 185 195 195 195 195 195 195 195 152 152 152 121 121 121 121 121 121 121 121 121 121 121 121 121 121 121 121 121 121 121 121 152 152 152 152 152 152 -9999 -9999 -9999 -9999 -9999 -9999 -9999 -9999 -9999 -9999 -9999 -9999 -9999 -9999 -9999 -9999 -9999 -9999 -9999 -9999 -9999 -9999 -9999 -9999 -9999 -9999 -9999 -9999 -9999 -9999 -9999 -9999 -9999 -9999 -9999 -9999 -9999
185 185 185 185 185 185 195 195 195 195 195 195 195 152 152 152 121 121 121 121 121 121 121 121 121 121 121 121 121 121 121 121 121 121 121 121 152 152 152 152 152 152 -9999 -9999 -9999 -9999 -9999 -9999 -9999 -9999 -9999 -9999 -9999 -9999 -9999 -9999 -9999 -9999 -9999 -9999 -9999 -9999 -9999 -9999 -9999 -9999 -9999 -9999 -9999 -9999 -9999 -9999 -9999 -9999 -9999 -9999 -9999 -9999 -9999
185 185 185 185 185 195 195 195 195 195 195 195 195 152 152 152 121 121 121 121 121 121 121 121 121 121 121 121 121 121 121 121 121 121 121 152 152 152 152 172 185 190 190 -9999 -9999 -9999 -9999 -9999 -9999 -9999 -9999 -9999 -9999 -9999 -9999 -9999 -9999 -9999 -9999 -9999 -9999 -9999 -9999 -9999 -9999 -9999 -9999 -9999 -9999 -9999 -9999 -9999 -9999 -9999 -9999 -9999 -9999 -9999 -9999
185 185 185 185 185 185 195 195 195 195 195 195 195 152 152 152 121 121 121 121 121 121 121 152 152 121 169 121 121 173 121 121 121 121 121 152 152 152 152 185 185 190 190 -9999 -9999 -9999 -9999 -9999 -9999 -9999 -9999 -9999 -9999 -9999 -9999 -9999 -9999 -9999 -9999 -9999 -9999 -9999 -9999 -9999 -9999 -9999 -9999 -9999 -9999 -9999 -9999 -9999 -9999 -9999 -9999 -9999 -9999 -9999 -9999
185 185 185 185 185 195 195 195 195 195 195 195 195 152 152 152 121 121 121 171 170 121 121 121 121 121 175 121 152 152 152 121 171 121 121 152 152 152 152 185 185 185 190 -9999 -9999 -9999 -9999 -9999 -9999 -9999 -9999 -9999 -9999 -9999 -9999 -9999 -9999 -9999 -9999 -9999 -9999 -9999 -9999 -9999 -9999 -9999 -9999 -9999 -9999 -9999 -9999 -9999 -9999 -9999 -9999 -9999 -9999 -9999 -9999
185 185 185 185 185 195 195 195 195 195 195 195 152 182 152 152 121 121 121 171 121 121 121 121 152 152 170 121 152 152 152 121 171 152 172 152 152 152 185 185 185 185 185 190 -9999 -9999 -9999 -9999 -9999 -9999 -9999 -9999 -9999 -9999 -9999 -9999 -9999 -9999 -9999 -9999 -9999 -9999 -9999 -9999 -9999 -9999 -9999 -9999 -9999 -9999 -9999 -9999 -9999 -9999 -9999 -9999 -9999 -9999 -9999
185 185 185 185 185 195 195 195 195 195 195 152 182 152 152 152 121 171 121 121 121 173 121 121 121 171 172 121 121 121 121 121 121 121 169 195 152 152 185 185 185 185 190 190 -9999 -9999 -9999 -9999 -9999 -9999 -9999 -9999 -9999 -9999 -9999 -9999 -9999 -9999 -9999 -9999 -9999 -9999 -9999 -9999 -9999 -9999 -9999 -9999 -9999 -9999 -9999 -9999 -9999 -9999 -9999 -9999 -9999 -9999 -9999
185 185 185 185 185 195 195 195 195 195 182 182 182 182 152 182 152 152 121 121 121 121 121 121 121 121 121 121 121 121 121 121 121 121 152 172 152 152 185 185 185 185 190 190 190 190 182 -9999 -9999 -9999 -9999 -9999 -9999 -9999 -9999 -9999 -9999 -9999 -9999 -9999 -9999 -9999 -9999 -9999 -9999 -9999 -9999 -9999 -9999 -9999 -9999 -9999 -9999 -9999 -9999 -9999 -9999 -9999 -9999
185 185 185 185 185 190 190 195 195 195 171 152 169 170 152 152 121 121 152 152 174 121 121 121 121 121 152 152 152 152 152 152 168 173 152 152 152 152 185 185 185 185 190 190 190 190 190 190 -9999 -9999 -9999 -9999 -9999 -9999 -9999 -9999 -9999 -9999 -9999 -9999 -9999 -9999 -9999 -9999 -9999 -9999 -9999 -9999 -9999 -9999 -9999 -9999 -9999 -9999 -9999 -9999 -9999 -9999 -9999
185 185 185 185 185 185 190 190 190 152 152 182 152 166 121 121 121 121 121 121 121 121 121 121 152 171 176 152 172 152 152 165 152 152 152 152 152 152 125 125 125 125 125 190 190 190 190 190 190 -9999 -9999 -9999 -9999 -9999 -9999 -9999 -9999 -9999 -9999 -9999 -9999 -9999 -9999 -9999 -9999 -9999 -9999 -9999 -9999 -9999 -9999 -9999 -9999 -9999 -9999 -9999 -9999 -9999 -9999
185 185 185 185 185 185 190 190 190 182 152 152 152 121 162 152 121 121 121 121 121 152 152 152 152 152 152 152 152 152 152 152 152 152 152 152 152 125 125 125 125 125 125 125 190 190 190 190 190 190 -9999 -9999 -9999 -9999 -9999 -9999 -9999 -9999 -9999 -9999 -9999 -9999 -9999 -9999 -9999 -9999 -9999 -9999 -9999 -9999 -9999 -9999 -9999 -9999 -9999 -9999 -9999 -9999 -9999
185 185 185 185 170 175 175 190 175 152 152 152 152 152 121 121 121 180 121 152 152 152 152 152 152 152 152 173 121 152 152 152 152 152 152 152 152 125 125 125 125 125 125 125 125 190 190 190 190 190 90 -9999 -9999 -9999 -9999 -9999 -9999 -9999 -9999 -9999 -9999 -9999 -9999 -9999 -9999 -9999 -9999 -9999 -9999 -9999 -9999 -9999 -9999 -9999 -9999 -9999 -9999 -9999 -9999
170 170 170 170 170 175 175 175 175 175 177 152 152 152 121 121 121 172 152 152 152 152 152 152 152 152 152 152 152 152 152 152 152 152 152 152 125 125 125 125 125 125 125 125 125 125 130 130 90 90 152 152 -9999 -9999 -9999 -9999 -9999 -9999 -9999 -9999 -9999 -9999 -9999 -9999 -9999 -9999 -9999 -9999 -9999 -9999 -9999 -9999 -9999 -9999 -9999 -9999 -9999 -9999 -9999
170 170 170 170 165 165 165 175 175 175 167 182 166 152 121 121 172 168 152 152 152 152 121 152 152 152 152 121 121 152 140 152 152 152 152 125 125 125 125 125 125 125 125 125 125 130 130 130 130 102 102 -9999 -9999 -9999 -9999 -9999 -9999 -9999 -9999 -9999 -9999 -9999 -9999 -9999 -9999 -9999 90 -9999 -9999 -9999 -9999 -9999 -9999 -9999 -9999 -9999 -9999 -9999 -9999
170 170 170 165 165 165 165 165 165 165 175 152 165 173 121 121 162 152 152 152 152 152 152 152 121 121 121 121 152 152 140 152 152 152 152 125 125 125 125 120 120 120 120 120 130 130 130 130 100 91 91 90 -9999 -9999 -9999 -9999 -9999 -9999 -9999 -9999 -9999 -9999 90 90 90 90 90 -9999 -9999 -9999 -9999 -9999 -9999 -9999 -9999 -9999 -9999 -9999 -9999
170 170 170 170 165 165 165 165 165 168 169 172 168 166 152 152 152 152 152 152 152 152 152 152 152 121 121 121 152 140 140 152 152 152 110 110 115 115 115 120 120 120 120 120 130 130 130 100 100 100 90 90 90 -9999 -9999 -9999 90 90 90 90 90 90 90 90 90 90 90 -9999 -9999 -9999 -9999 -9999 -9999 -9999 -9999 -9999 -9999 -9999 -9999
170 170 170 170 165 165 165 165 167 170 168 180 169 152 165 145 145 169 152 152 152 152 152 152 152 152 152 152 140 140 140 140 140 152 110 120 115 115 115 120 120 120 120 120 130 130 130 100 100 100 100 90 90 90 90 90 90 90 90 90 90 90 90 90 90 90 90 -9999 -9999 -9999 -9999 -9999 -9999 -9999 -9999 -9999 -9999 -9999 -9999
170 170 170 165 165 165 165 170 176 167 168 121 121 152 145 145 145 145 159 166 164 152 152 152 145 145 145 140 140 140 140 140 140 110 110 115 120 115 115 110 115 120 120 130 130 130 100 100 100 100 100 100 90 90 90 90 90 90 90 90 90 90 90 90 90 90 90 -9999 -9999 -9999 -9999 -9999 -9999 -9999 -9999 -9999 -9999 -9999 -9999
180 170 170 165 165 165 166 171 175 171 121 121 121 164 145 145 145 145 145 145 145 130 130 145 145 145 130 130 140 140 140 140 140 110 115 115 115 115 115 110 115 115 120 130 130 100 100 100 105 100 100 100 100 90 90 90 90 90 90 90 90 90 90 90 90 90 -9999 -9999 -9999 -9999 -9999 -9999 -9999 -9999 -9999 -9999 -9999 -9999 -9999
180 170 165 169 168 176 176 175 174 170 121 121 121 121 145 145 145 145 145 145 145 130 130 145 145 130 130 130 130 130 140 140 140 110 110 110 115 115 115 115 115 120 120 120 120 100 100 105 105 105 105 100 100 100 90 90 90 90 90 90 90 90 90 90 90 90 -9999 -9999 -9999 -9999 -9999 -9999 -9999 -9999 -9999 -9999 -9999 -9999 -9999
180 165 165 169 168 176 171 91 91 91 82 121 121 121 145 145 145 145 145 145 130 130 130 130 145 145 130 130 130 130 130 130 130 140 115 115 115 115 115 105 115 115 120 120 105 105 100 100 105 100 105 100 100 100 100 90 90 90 90 90 90 90 90 90 90 -9999 -9999 -9999 -9999 -9999 -9999 -9999 -9999 -9999 -9999 -9999 -9999 -9999 -9999
167 180 182 167 91 91 91 91 91 91 91 82 91 91 91 121 145 145 145 145 130 130 130 130 115 145 130 130 130 130 130 130 130 130 115 115 85 105 105 105 100 115 105 105 105 105 100 100 105 100 105 105 105 100 100 90 90 90 90 90 90 90 90 100 100 -9999 -9999 -9999 -9999 -9999 -9999 -9999 -9999 -9999 -9999 -9999 -9999 -9999 -9999
169 169 182 91 91 91 91 91 91 91 91 91 91 91 91 91 145 105 105 105 105 130 130 115 115 145 130 130 130 130 130 130 130 130 130 85 85 85 85 85 95 115 115 115 100 100 100 100 100 100 105 100 100 100 100 100 90 90 100 100 100 100 100 100 -9999 -9999 -9999 -9999 -9999 -9999 -9999 -9999 -9999 -9999 -9999 -9999 -9999 -9999 -9999
91 91 91 91 91 91 91 91 91 91 91 91 91 91 91 91 91 105 105 105 105 105 130 115 115 115 115 130 130 130 130 130 130 130 130 85 85 85 85 95 95 100 115 115 100 100 100 100 100 100 100 100 100 100 100 100 100 100 100 100 100 100 100 -9999 -9999 -9999 -9999 -9999 -9999 -9999 -9999 -9999 -9999 -9999 -9999 -9999 -9999 -9999 -9999
91 91 91 91 91 91 91 91 91 91 91 91 91 91 91 91 91 91 105 105 105 105 115 115 115 115 115 115 130 130 130 130 130 130 130 85 85 85 95 95 95 95 100 100 100 100 100 100 100 100 100 100 100 100 100 100 100 100 100 100 100 100 100 -9999 -9999 -9999 -9999 -9999 -9999 -9999 -9999 -9999 -9999 -9999 -9999 -9999 -9999 -9999 -9999
91 91 91 91 91 91 91 91 91 91 91 91 91 91 91 91 91 178 152 105 105 105 105 115 105 105 110 110 110 130 130 130 130 130 130 130 85 95 95 95 95 95 100 100 100 100 100 100 100 100 100 100 100 100 100 100 100 100 100 100 100 100 100 -9999 -9999 -9999 -9999 -9999 -9999 -9999 -9999 -9999 -9999 -9999 -9999 -9999 -9999 -9999 -9999
91 91 91 91 186 91 91 91 91 91 91 91 82 82 91 82 82 190 82 82 105 105 105 105 105 105 105 110 110 110 130 130 130 130 130 130 130 95 95 95 95 95 100 100 100 100 100 100 100 90 90 90 100 100 100 100 100 100 100 100 100 100 -9999 -9999 -9999 -9999 -9999 -9999 -9999 -9999 -9999 -9999 -9999 -9999 -9999 -9999 -9999 -9999 -9999
91 91 91 65 65 65 91 91 91 91 192 206 70 70 105 105 105 105 105 105 105 105 105 105 105 105 110 110 110 110 110 80 80 80 121 91 95 95 95 95 95 95 100 100 100 100 100 90 90 90 90 90 100 100 100 100 100 100 100 100 100 -9999 -9999 -9999 -9999 -9999 -9999 -9999 -9999 -9999 -9999 -9999 -9999 -9999 -9999 -9999 -9999 -9999 -9999
91 91 65 65 65 65 65 70 70 194 70 70 70 70 70 70 105 105 105 105 105 105 105 105 105 110 110 110 110 80 80 80 80 80 80 80 95 95 95 95 95 95 100 100 100 90 90 90 90 90 90 90 100 100 100 100 100 100 100 100 100 -9999 -9999 -9999 -9999 -9999 -9999 -9999 -9999 -9999 -9999 -9999 -9999 -9999 -9999 -9999 -9999 -9999 -9999
91 91 65 65 65 65 65 70 70 70 70 70 70 70 70 70 70 70 70 105 105 105 105 105 110 110 110 80 80 80 80 80 80 80 80 100 100 100 100 95 95 95 100 100 90 90 90 90 90 90 90 100 100 100 100 100 100 100 100 100 -9999 -9999 -9999 -9999 -9999 -9999 -9999 -9999 -9999 -9999 -9999 -9999 -9999 -9999 -9999 -9999 -9999 -9999 -9999
65 65 65 65 65 65 65 65 70 70 70 70 70 70 70 70 70 70 70 70 70 105 105 110 110 110 80 80 80 80 80 80 80 80 85 100 100 100 100 100 100 100 90 90 90 90 90 90 90 90 90 100 100 100 110 100 100 100 100 -9999 -9999 -9999 -9999 -9999 -9999 -9999 -9999 -9999 -9999 -9999 -9999 -9999 -9999 -9999 -9999 -9999 -9999 -9999 -9999
65 65 65 65 65 65 65 65 70 70 70 70 70 70 70 70 70 70 70 70 70 70 70 110 110 80 80 80 80 80 80 80 80 80 85 100 100 100 100 100 100 295 295 90 90 90 90 90 90 90 100 100 100 100 110 110 100 100 -9999 -9999 -9999 -9999 -9999 -9999 -9999 -9999 -9999 -9999 -9999 -9999 -9999 -9999 -9999 -9999 -9999 -9999 -9999 -9999 -9999
