data/slope-degree_0.494deg_4326_wgs84_africa.asc
ncols        157
nrows        172
xllcorner    -25.691817126000
yllcorner    -47.431047002013
cellsize     0.494073406268
NODATA_value  -9999
[rows 0 to 23 of 172, columns 55 to 109 of 157]
-9999 -9999 -9999 -9999 -9999 -9999 -9999 -9999 -9999 -9999 -9999 -9999 -9999 -9999 -9999 -9999 -9999 -9999 -9999 -9999 -9999 -9999 -9999 -9999 -9999 -9999 -9999 -9999 -9999 -9999 -9999 -9999 -9999 -9999 -9999 -9999 -9999 -9999 -9999 -9999 -9999 -9999 -9999 -9999 -9999 -9999 -9999 -9999 -9999 -9999 -9999 -9999 -9999 -9999 -9999
-9999 -9999 -9999 -9999 -9999 -9999 -9999 -9999 -9999 0.18481290340423600638 0.32230538129806501901 0.41144883632659901007 0.28049585223197898154 0.41369131207466097733 0.1746704727411269864 0.19979646801948500179 0.21995894610881799869 0.12778022885322601332 0.067232936620712294151 -9999 -9999 -9999 -9999 -9999 -9999 -9999 -9999 -9999 -9999 -9999 -9999 -9999 -9999 -9999 -9999 -9999 -9999 -9999 -9999 -9999 -9999 -9999 -9999 -9999 -9999 -9999 -9999 -9999 -9999 -9999 -9999 -9999 -9999 -9999 -9999
0.34865409135818498099 0.48158499598503101691 0.44978186488151600253 0.44866293668746898282 0.32898229360580399927 0.23190712928772000412 0.15266743302345300859 0.29931536316871598657 0.35701456665992697959 0.2863616943359379996 0.33496397733688398901 0.4041655957698819801 0.43879774212837202585 0.3414420783519739877 0.24545744061470001207 0.29116180539131197857 0.23181004822254200337 0.18221195042133300768 -9999 -9999 -9999 -9999 -9999 -9999 -9999 -9999 -9999 -9999 -9999 -9999 -9999 -9999 -9999 -9999 -9999 -9999 -9999 -9999 -9999 -9999 -9999 -9999 -9999 -9999 -9999 -9999 -9999 -9999 -9999 -9999 -9999 -9999 -9999 -9999 -9999
0.50033193826675403937 0.19252599775791198744 0.0091260904446244205113 0.036731939762830699558 0.11613143235445000379 0.11992772668600100439 0.29641199111938498767 0.23787789046764398759 0.17931284010410300511 0.41118940711021401135 0.26329669356346102616 0.17280291020870200414 0.27528628706932101178 0.30777305364608797955 0.33610716462135298288 0.20140455663204198666 0.50701546669006303247 0.33564314246177701095 0.055214069783687598492 -9999 -9999 -9999 -9999 -9999 -9999 -9999 -9999 -9999 -9999 -9999 -9999 -9999 -9999 -9999 -9999 -9999 -9999 -9999 -9999 -9999 -9999 -9999 -9999 -9999 -9999 -9999 -9999 -9999 -9999 -9999 -9999 -9999 -9999 -9999 -9999
0.30422568321227999588 0.12303300946950899986 0.050468053668737397621 0.040867615491151802753 0.17898635566234599725 0.27603262662887600998 0.11180462688207599975 0.62427121400833096576 0.59707146883010897565 0.091821327805519104004 0.23550954461097700632 0.13066405057907098941 0.089885771274566705902 0.22404433786868999112 0.25534811615943897589 0.46066758036613497662 0.39188498258590698242 0.19843368232250199745 0.059725143015384701828 -9999 -9999 -9999 -9999 -9999 -9999 -9999 -9999 -9999 -9999 -9999 -9999 -9999 -9999 -9999 -9999 -9999 -9999 -9999 -9999 -9999 -9999 -9999 -9999 -9999 -9999 -9999 -9999 -9999 -9999 -9999 -9999 -9999 -9999 -9999 -9999
0.094339571893215193321 0.2039597779512410114 0.27415633201599098889 0.27805045247077897486 0.23915129899978598838 0.28814509510994001928 0.31543847918510398154 0.28805059194564802683 0.77972769737243696753 0.87280344963073697162 0.67697155475616499487 0.53380060195922895971 0.38225689530372597424 0.21762113273143798842 0.45411777496337901727 0.34445011615753201584 0.23383308947086300922 0.15045601129531899209 0.084110476076602894158 -9999 -9999 -9999 -9999 -9999 -9999 -9999 -9999 -9999 -9999 -9999 -9999 -9999 -9999 -9999 -9999 -9999 -9999 -9999 -9999 -9999 -9999 -9999 -9999 -9999 -9999 -9999 -9999 -9999 -9999 -9999 -9999 -9999 -9999 -9999 -9999
0.24323882162571000554 0.13066348433494601178 0.29440873861312899518 0.33791872859001198526 0.34815451502799998895 0.34863844513893099686 0.20482866466045399068 0.20563602447509798932 0.14624331891536698769 0.040078561753034598614 0.036239653825759901573 0.098272912204265594482 0.24139596521854400635 0.41232228279113797287 0.26806089282035799881 0.23988379538059201312 0.14933073520660400391 0.064282275736331898064 -9999 -9999 -9999 -9999 -9999 -9999 -9999 -9999 -9999 -9999 -9999 -9999 -9999 -9999 -9999 -9999 -9999 -9999 -9999 -9999 -9999 -9999 -9999 -9999 -9999 -9999 -9999 -9999 -9999 -9999 -9999 -9999 -9999 -9999 -9999 -9999 -9999
0.088609419763088198563 0.34743443131446799521 0.2344905287027360119 0.10959129035472900404 0.089527964591979994347 0.16278116405010201184 0.23480150103569000231 0.1866652220487589886 0.14524793624877899156 0.074318677186965900749 0.067123994231224101692 0.041898198425769798969 0.018475484102964401245 0.018638499081134799612 0.12880977988243100252 0.11440741270780599437 0.07109637558460239759 0.22191655635833701377 -9999 -9999 -9999 -9999 -9999 -9999 -9999 -9999 -9999 -9999 -9999 -9999 -9999 -9999 -9999 -9999 -9999 -9999 -9999 -9999 -9999 -9999 -9999 -9999 -9999 -9999 -9999 -9999 -9999 -9999 -9999 -9999 -9999 -9999 -9999 -9999 -9999
0.37947893142700200864 0.14222477376461001297 0.089284315705299405197 0.081724651157856001427 0.13706687092781100201 0.20489105582237199243 0.22382405400276200735 0.16447542607784298996 0.070431753993034404426 0.047899667173623997063 0.056198500096797901482 0.050445947796106296868 0.043375723063945798019 0.042557079344987897018 0.08117764443159100618 0.12549172341823600085 0.21123760938644400853 0.19038981199264501387 0.29955404996871898282 0.086207374930381802658 -9999 -9999 -9999 -9999 -9999 -9999 -9999 -9999 -9999 -9999 -9999 -9999 -9999 -9999 -9999 -9999 -9999 -9999 -9999 -9999 -9999 -9999 -9999 -9999 -9999 -9999 -9999 -9999 -9999 -9999 -9999 -9999 -9999 -9999 -9999
0.22648984193801899312 0.15817499160766598787 0.12386063486337700601 0.10788459330797199598 0.21571387350559201312 0.22322112321853598838 0.19194526970386499576 0.11291418969631200619 0.038581110537052203113 0.030361650511622401138 0.022526370361447299595 0.02687350660562520116 0.031795613467693301102 0.049796320497989703113 0.095744192600250202507 0.11434944719076199637 0.16749994456767999806 0.026363398879766498928 0.24122808873653400763 0.18725478649139398746 0.044626932591199902634 -9999 -9999 -9999 -9999 -9999 -9999 -9999 -9999 -9999 -9999 -9999 -9999 -9999 -9999 -9999 -9999 -9999 -9999 -9999 -9999 -9999 -9999 -9999 -9999 -9999 -9999 -9999 -9999 -9999 -9999 -9999 -9999 -9999 -9999
0.14322389662265799792 0.12385039031505599982 0.10797572880983399846 0.11468692123889899503 0.20612752437591599919 0.18096959590911901317 0.1244823336601259961 0.092340312898158999344 0.037904378026723903328 0.027407273650169400314 0.016102496534586001331 0.019199997186660801296 0.02733862772583960099 0.041173633188009296779 0.075949408113956506927 0.0897795185446739058 0.13061408698558799046 0.044641364365816102455 0.20963470637798300999 0.15787626802921300717 0.14694274961948400327 0.21037927269935599583 0.30077013373374900107 0.38940036296844499075 0.30448865890502901932 0.193426698446273998 -9999 -9999 -9999 -9999 -9999 -9999 -9999 -9999 -9999 -9999 -9999 -9999 -9999 0.17486754059791601024 0.10362646728754000558 0.25292116403579700812 0.29581451416015597244 0.24152585864067099841 -9999 -9999 -9999 -9999 -9999 -9999 -9999 -9999 -9999 -9999 -9999
0.11870999634265899658 0.057586587965488399143 0.052729051560163497925 0.10587348043918599905 0.18110728263854999898 0.15026156604290000218 0.10256221890449500334 0.053651213645935100227 0.025450982153415700748 0.019809678196906998354 0.016308691352605798885 0.018115056678652801531 0.025860918685793900934 0.031847886741161297863 0.056420493870973600914 0.060212768614292103142 0.091224759817123399208 0.090051881968975094894 0.13943441212177298816 0.28085041046142600329 0.34070849418640097861 0.37623348832130398822 0.36115860939025901111 0.28978249430656399799 0.28236430883407598325 0.27644994854927101846 0.10812661796808199777 -9999 -9999 -9999 -9999 -9999 -9999 -9999 -9999 -9999 -9999 -9999 0.25367447733879100458 0.21468910574912999922 0.2536396384239200108 0.24474270641803699822 0.12264681607484799464 0.019482903182506599443 0.1005701795220380057 -9999 -9999 -9999 -9999 -9999 -9999 -9999 -9999 -9999 -9999
0.025449350476264998716 0.0477768406271934995 0.069337971508503001838 0.1168975830078120004 0.13296556472778300884 0.10657379776239400693 0.077594801783561706543 0.024975057691335698917 0.019374240189790701422 0.025116961449384699739 0.021783869713544800478 0.023927453905343998991 0.026663923636078799839 0.029428748413920399057 0.050137661397457101986 0.058105196803808198402 0.07658500224351880159 0.11016777157783499974 0.10875040292739900083 0.074322536587715093415 0.010665606707334499351 0.012807785533368599637 0.044067967683076900154 0.17084106802940399183 0.20842459797859200221 0.059898432344198199173 0.12758524715900398938 0.088357709348201793342 0.08134200423955920134 -9999 -9999 -9999 -9999 -9999 -9999 -9999 -9999 -9999 0.058951668441295602963 0.046349979937076603298 0.045887477695941897293 0.032713077962398501297 0.026657039299607301203 0.024757243692874901508 0.040678076446056400661 0.038588743656873703003 0.020232634618878399257 0.011359407566487799562 0.11137657612562200382 0.094812557101249694824 0.095064520835876506477 0.0986148193478584012 -9999 -9999 -9999
0.058153085410594898552 0.066669851541519206672 0.08476345986127850618 0.10422330349683800454 0.097902655601501506477 0.085729241371154799034 0.059740122407674803306 0.033214904367923701878 0.030395561829209299942 0.031587336212396600887 0.028691805899143201647 0.032030157744884497906 0.035294573754072203209 0.037726450711488702938 0.054814741015434299831 0.057404279708862297749 0.064078584313392597527 0.1047590076923369945 0.14060425758361799753 0.086352542042732197136 0.037959374487400096565 0.048121657222509398033 0.038375914096832303146 0.19699916243553200479 0.28831857442855801654 0.13147251307964299971 0.11271578818559599422 0.052228514105081599861 0.084563158452510805985 0.11835988610982900449 0.10823250561952600657 0.086451269686222104172 0.10044462978839900635 -9999 -9999 -9999 -9999 -9999 0.045176677405834197998 0.048862710595130899593 0.042005263268947601318 0.037787072360515601421 0.041990555822849301437 0.035050634294748299336 0.02346718125045299877 0.054064888507127796535 0.033894348889589302753 0.031503338366746902466 0.022064577788114499157 0.0091549307107925397692 0.015762509778141999689 0.021783461794257198696 0.054875381290912600418 0.0703836902976035933 0.063591718673706096321
0.075880922377109499832 0.032060533761978100842 0.05329201370477679861 0.04882042482495310004 0.065142624080181094071 0.073633708059787805755 0.044489517807960503315 0.044771365821361500115 0.040006384253501899029 0.034396152943372698685 0.037444319576025002216 0.042213123291730901554 0.049337614327669102043 0.051054235547780997539 0.059891819953918498665 0.049204964190721497963 0.058057568967342397526 0.1016026958823200016 0.12259714305400799816 0.086275331676006303261 0.029722720384597799137 0.021170863881707198406 0.028439613059163100506 0.080383859574794797043 0.17495934665203100034 0.19432814419269600625 0.18432250618934600817 0.11821726709604299388 0.070918999612331404259 0.12722660601139099135 0.11914479732513399979 0.090964227914810194542 0.079245626926422105263 0.13849519193172499243 0.10983449220657300061 -9999 -9999 0.011195294559001900056 0.019198961555957801128 0.047832634299993501137 0.053190466016530997539 0.033328659832477597336 0.033577002584934199925 0.041525468230247497559 0.037002913653850597053 0.057961449027061497097 0.062705792486667605301 0.048129703849554096584 0.040696073323488200779 0.02112714387476440081 0.044413249939680099487 0.10365561395883600426 0.17524947226047499216 0.10227334499359100328 0.041568130254745497276
0.034391190856695202926 0.034762389957904801796 0.074748694896697998047 0.064978800714016002327 0.069135114550590501259 0.071767203509807600548 0.066335752606391906738 0.04554945603013040023 0.039063975214958197857 0.036355253309011500984 0.041273016482591601273 0.053291253745555898502 0.054343987256288500687 0.058517184108495698402 0.064623683691024794151 0.10814610123634299521 0.12244522571563699886 0.12623094022274000681 0.16388534009456601215 0.1025918349623679976 0.031658954918384600574 0.0072794384323060503869 0.018472656607627899877 0.041016511619090999241 0.082985311746597303917 0.13204665482044200542 0.12202949821948999576 0.19492192566394800357 0.07812404632568359375 0.1041881069540979976 0.16194120049476601331 0.12054763734340699644 0.038001999258995097786 0.12578834593296100985 0.15783485770225499922 0.10894733667373700248 0.076793029904365497917 0.01940857246518139928 0.0079152248799800907497 0.018711088225245500055 0.042337667196989101082 0.016070362180471399471 0.014816422015428499723 0.0018115057609975298951 0.018599951639771499651 0.05033598840236659655 0.072172157466411604454 0.079063057899475097656 0.060858931392431300789 0.056239917874336201042 0.097642883658409104775 0.21630264818668398785 0.084669888019561795334 0.072229504585266099403 0.097887299954891204834
0.096150569617748302131 0.042274150997400297691 0.085138097405433696419 0.10313794016838100098 0.070597432553768199592 0.075693786144256605675 0.073101148009300204178 0.042347740381956100464 0.037099484354257597496 0.036230109632015200516 0.04825121164321900108 0.047656834125518798828 0.03875776752829550309 0.050126407295465497116 0.11328171938657799478 0.16947244107723200002 0.14992824196815499049 0.16908003389835399299 0.11778575927019099834 0.052938897162675899177 0.026794217526912699617 0.017222277820110300228 0.020568341016769398771 0.03719387948513030312 0.077899448573589297196 0.10086618363857299818 0.068624228239059406609 0.12888020277023298776 0.11931675672531100174 0.12489521503448500206 0.045868184417486197735 0.18403889238834400532 0.062477227300405502319 0.056273937225341796875 0.11987239867448799824 0.078035324811935397049 0.080360360443592099289 0.076680243015289306641 0.038444317877292598362 0.052003383636474602436 0.02294520288705829969 0.048695225268602398971 0.038474399596452699135 0.034614488482475301578 0.031467989087104797363 0.016453355550766001619 0.015652848407626200611 0.059321962296962703343 0.07044184952974319458 0.095350131392478901238 0.15036682784557300896 0.16845871508121498805 0.10002219676971399465 0.14160192012786901317 0.10979858040809599429
0.059193555265665102894 0.094124920666217803955 0.07787631452083590422 0.10508899390697500065 0.091315396130085005333 0.09702181071043010363 0.081883676350116701981 0.046056158840656301334 0.04152670130133630233 0.038799516856670400455 0.043288223445415496826 0.045811530202627202824 0.074451014399528503418 0.1067890971899029956 0.15330305695533799626 0.16295954585075400622 0.10485113412141799927 0.080429859459400204758 0.031873382627963998959 0.014206566847860799263 0.030920915305614499191 0.057599321007728597477 0.05078723654150960054 0.035996548831462901741 0.048494562506675699398 0.1033865585923190028 0.078855499625205993652 0.15772925317287400659 0.19841302931308699153 0.12105107307434100072 0.020117258653044700623 0.10198646783828700657 0.06718961894512180677 0.04432483389973639748 0.14660905301570900661 0.028555352240800899177 0.050203680992126499538 0.094900727272033705284 0.074955165386200006683 0.063663274049758897255 0.038845486938953399658 0.042490415275096900249 0.031429868191480601902 0.027142737060785300518 0.035575531423091902306 0.041687529534101500084 0.048129480332136202747 0.037305824458599097515 0.026279816403984999212 0.008453693240880969656 0.062450919300317798977 0.10654601454734799471 0.11551237106323200554 0.13261358439922299457 0.083371512591838795037
0.11989226192235899471 0.10976496338844299316 0.093657068908214596847 0.069879084825515705437 0.067987471818924005706 0.097982116043567699104 0.042556136846542400032 0.10411386936902999878 0.068802043795585604569 0.047552112489938701267 0.052638709545135498047 0.058899842202663400814 0.03262238577008250151 0.017173690721392600306 0.053460679948329897782 0.094508983194828005692 0.098433725535869598389 0.099642142653465298752 0.086954906582832294792 0.064185991883277893066 0.090294010937213897705 0.065310366451740306526 0.082483366131782503983 0.072772815823555006554 0.11550255864858599564 0.07313277572393420134 0.082553088665008503289 0.11596860736608499698 0.060644309967756299118 0.016323231160640699205 0.098351463675499004036 0.19512513279914900366 0.21822492778301200156 0.091906592249870300293 0.059164695441722897629 0.090628102421760600715 0.03488915041089060004 0.014998124912381199936 0.012553322128951499223 0.047474075108766597419 0.047387160360813099236 0.028816379606723799278 0.032229244709014899517 0.0238618198782205998 0.0091606266796588897705 0.025964913889765701277 0.024500845000147798702 0.02416312694549559853 0.032958026975393302227 0.038483031094074200695 0.039070714265108101582 0.047846462577581398701 0.059421893209218999699 0.040453139692544902439 0.0077523379586637002764
0.078226953744888305664 0.18071603775024400185 0.19207832217216500026 0.18712200224399599957 0.12357950955629300183 0.09721279144287109375 0.034353718161582898205 0.06708714365959170256 0.0850709453225135942 0.044829465448856402332 0.03776631131768230093 0.03852624073624610207 0.017074160277843499628 0.0047544529661536199389 0.023035986348986601385 0.03142908960580829969 0.048350185155868502518 0.061832737177610397339 0.05696383863687520116 0.051015898585319498226 0.026272928342223198644 0.042367879301309599449 0.0093726050108671205702 0.08675859868526460128 0.090716488659381894211 0.20835019648075100984 0.069813206791877704949 0.028571691364049901091 0.075544618070125593712 0.069425255060195895096 0.10447186976671199443 0.21762266755104101024 0.3087661266326899856 0.1669766753911970103 0.086487621068954495529 0.046199534088373198082 0.04371093213558199797 0.042713314294815098171 0.022641018033027600354 0.032112848013639498645 0.039243165403604500507 0.027609813958406399792 0.03138772770762440073 0.027084143832325900669 0.020275659859180499012 0.032068703323602697208 0.032357938587665599495 0.026994917541742300543 0.035557080060243599628 0.05366527289152150243 0.039050158113241202618 0.014687052927911300668 0.031294476240873302098 0.031449925154447597175 0.068808384239673600624
0.13981005549430799983 0.10177176445722599385 0.074081853032112093826 0.093864843249320997765 0.13784675300121299046 0.067900620400905595253 0.035169690847396899158 0.060479115694761297062 0.11041145026683800434 0.049538996070623397827 0.081563055515289306641 0.059453219175338696545 0.033112574368715300133 0.031690709292888599724 0.025184907019138301487 0.019619481638073900387 0.044514331966638599758 0.021316736936569199989 0.026514394208788899521 0.02628124505281450099 0.028508560732006998917 0.049476861953735400135 0.06252289563417430529 0.052850615233182900166 0.043146882206201601917 0.036743205040693296959 0.06244485080242159758 0.049437724053859696816 0.066568396985530894905 0.1004977375268940043 0.1490718275308610119 0.16392672061920199322 0.13097676634788499306 0.2243728637695310002 0.10087570548057600561 0.051231093704700497726 0.03366302326321599786 0.027125122025608999071 0.03341450169682499971 0.031417552381753900692 0.034727621823549298385 0.028573933988809599449 0.046130578964948702747 0.035692390054464298577 0.040232159197330502609 0.045198086649179500252 0.044656243175268200973 0.034525878727436100368 0.038378357887268101101 0.045198086649179500252 0.080082826316356700569 0.060658209025859798069 0.04914164543151860326 0.081561870872974395752 0.085116438567638397217
0.16337309777736699901 0.082364231348037705849 0.05713523551821710067 0.065849125385284396073 0.092209517955780001541 0.092327915132045704216 0.081284806132316603233 0.17170275747776000963 0.2897412776947019819 0.13101525604724900687 0.088937237858772305588 0.13130177557468400429 0.10782096534967400281 0.069997005164623302131 0.057912763208150898342 0.080641992390155806114 0.057380322366952903057 0.070871271193027496338 0.05948896333575250106 0.047153607010841397384 0.030348943546414399591 0.046656016260385499428 0.079175472259521498253 0.077599026262760203987 0.077182427048683194259 0.078588671982288402229 0.042644605040550197239 0.01149284467101100056 0.036365576088428497314 0.10730291903018999988 0.13426005840301499794 0.20108224451541900635 0.16652710735797898733 0.20007590949535400404 0.097173951566219302078 0.058297757059335701679 0.033489231020212201217 0.023994972929358499708 0.030967997387051599684 0.031925320625305196598 0.029768344014882999748 0.038335915654897696758 0.044350482523441300819 0.041200548410415600842 0.051298696547746699959 0.050136614590883296638 0.03643423691391940028 0.044974967837333700016 0.033399745821952799008 0.051355287432670600201 0.057983987033367198616 0.084271706640720395187 0.071241863071918501427 0.10475846379995300273 0.099072493612766293625
0.083522669970989199539 0.039379678666591602654 0.035828150808811201622 0.09155368804931640625 0.13168220221996299046 0.073437921702861799766 0.26722133159637501132 0.21224060654640200529 0.19566960632801100317 0.3829193115234379996 0.21052445471286798662 0.27773278951644897461 0.32812288403510997403 0.33042308688163801733 0.2544703185558320202 0.16485209763050098775 0.09896869212388989534 0.072911202907562297493 0.038611236959695802162 0.03329795226454729945 0.16978415846824598812 0.14058461785316500592 0.066736750304698902458 0.058423228561878197407 0.034173130989074700092 0.026315828785300299925 0.01499752793461080029 0.013582453131675699398 0.023068798705935499027 0.020704498514533001274 0.060397725552320501163 0.11027719080448200595 0.14266170561313598619 0.13973784446716300267 0.059529539197683299656 0.016253057867288599886 0.033167798072099699547 0.032344043254852301861 0.034133069217204999035 0.032397869974374798874 0.037734564393758801559 0.04021704569458960099 0.043394409120082896858 0.050992108881473499626 0.096310928463935893684 0.061073664575815200806 0.068116061389446300178 0.062227938324213000199 0.069190852344036102295 0.064212158322334303429 0.042051743716001496742 0.066835276782512706428 0.01857540011405939967 0.11799778044223800666 0.09753851592540739579
0.054832477122545200676 0.066493712365627302696 0.071092680096626295616 0.20170485973358198706 0.16055099666118599622 0.28523445129394497943 0.50484508275985695569 0.081617370247840895225 0.12768723070621498805 0.20003139972686800885 0.33734077215194702148 0.33740854263305697369 0.41208904981613198037 0.41786837577819802014 0.27961319684982299805 0.22873805463314100805 0.16243405640125299638 0.097081869840621906609 0.072539083659648895264 0.046281024813651996941 0.21086166799068500888 0.17041487991809800562 0.16324736177921300717 0.10323882102966300267 0.05552225187420849889 0.01869893074035640021 0.0022559766657650501091 0.028499817475676498396 0.058051783591508900051 0.098772265017032595535 0.054341588169336298153 0.028578424826264398756 0.097055219113826793342 0.062823638319969205002 0.066311351954936995079 0.054433614015579202816 0.038753744214773198917 0.037954751402139698391 0.04321931675076479823 0.04094944521784780328 0.044100467115640598625 0.04005673527717590332 0.054760605096817002724 0.094253391027450603157 0.1252217441797260078 0.043349910527467699906 0.093233250081539195686 0.092799179255962399582 0.095152981579303699822 0.07606392353773119841 0.073158539831638294548 0.066760592162609100342 0.076150029897689805458 0.023338798433542300159 0.0066761234775185602369
