data/slope-degree_0.494deg_4326_wgs84_africa.asc
ncols        157
nrows        172
xllcorner    -25.691817126000
yllcorner    -47.431047002013
cellsize     0.494073406268
NODATA_value  -9999
[rows 24 to 47 of 172, columns 0 to 54 of 157]
-9999 -9999 -9999 -9999 -9999 -9999 -9999 -9999 -9999 -9999 -9999 -9999 -9999 -9999 -9999 -9999 -9999 -9999 -9999 -9999 -9999 -9999 -9999 0.049734562635421801502 0.073634795844554901123 0.095401719212532001824 0.10294489562511399683 0.064946092665195506721 0.038258548825979198094 0.038970839232206302971 0.084387898445129394531 0.081684984266758006721 0.072981588542461395264 0.05195162817835809882 0.025712789967656100865 0.013038006611168400165 0.039728648960590397243 0.026401609182357798494 0.037906747311353697349 0.04260896518826479823 0.01822618208825589961 0.076189279556274400185 0.091267585754394503494 0.085297316312789903114 0.083943732082843794395 0.075991742312908200363 0.035002999007701901535 0.024033779278397598284 0.01905324123799799832 0.026466634124517399163 0.015696033835411099533 0.03146891295909880204 0.024236863479018200956 0.073951706290245097786 0.082850739359855693489
-9999 -9999 -9999 -9999 -9999 -9999 -9999 -9999 -9999 -9999 -9999 -9999 -9999 -9999 -9999 -9999 -9999 -9999 -9999 -9999 -9999 -9999 0.07181903719902039962 0.10656711459159899646 0.08222655206918720594 0.0341170802712440005 0.098426185548305497597 0.10644336789846399471 0.089121885597705799431 0.071098186075687394569 0.047702971845865201062 0.031505793333053602745 0.025470782071352001535 0.038489356637001002903 0.063784740865230601936 0.061270151287317296818 0.0052266302518546598616 0.032593805342912701706 0.017561683431267700178 0.039059914648532902126 0.091634370386600494385 0.051277093589305898502 0.011098858900368199776 0.025693470612168301664 0.047552693635225302959 0.035216595977544798424 0.0055494294501841102962 0.021807804703712501543 0.013641887344419999575 0.0082724578678607905979 0.024312550202012100237 0.021666159853339198721 0.018595144152641299856 0.03852081671357149989 0.078687109053134904335
-9999 -9999 -9999 -9999 -9999 -9999 -9999 -9999 -9999 -9999 -9999 -9999 -9999 -9999 -9999 -9999 -9999 -9999 -9999 -9999 -9999 0.092729061841964693924 0.11491949111223200009 0.11227233707904800408 0.055552456527948400333 0.066696688532829298546 0.032157268375158302998 0.029465282335877401171 0.022381206974387200109 0.037417113780975300164 0.039576578885316800183 0.032977130264043801045 0.029591783881187400801 0.035720039159059496781 0.057248536497354500507 0.062042456120252602314 0.035792838782072101955 0.030487898737192199033 0.041568007320165599461 0.055813442915677996536 0.033415544778108596802 0.049882579594850498528 0.072021290659904493858 0.04059250652790070274 0.024728778749704399126 0.0146962516009808003 0.027648339048027999187 0.035647921264171600342 0.013470077887177500306 0.017475238069891898401 0.019268222153186801565 0.018886525183916098858 0.020061124116182299515 0.024702180176973301262 0.041118595749139799644
-9999 -9999 -9999 -9999 -9999 -9999 -9999 -9999 -9999 -9999 -9999 -9999 -9999 -9999 -9999 -9999 -9999 -9999 -9999 -9999 0.10957074910402299361 0.13026291131973299908 0.10702789574861500121 0.074905119836330399941 0.042004767805337898945 0.053326781839132302021 0.027922615408897399902 0.045330990105867399742 0.037773266434669501568 0.009806025773286819458 0.007581034675240520132 0.011863114312291100222 0.020032620057463600832 0.026350148022174800511 0.057320524007081999351 0.057384401559829698036 0.040456954389810596828 0.031305674463510499428 0.013285755179822399813 0.016907187178730999355 0.033255930989980697632 0.027228739112615599205 0.0054745329543948199544 0.012911383993923700522 0.016910331323742901211 0.031736891716718701462 0.045309353619813898251 0.03570020943880079789 0.041441101580858202835 0.018129162490367899813 0.017419390380382499678 0.018889607861638100378 0.019708836451172800919 0.024002021178603200058 0.028925478458404499382
-9999 -9999 -9999 -9999 -9999 -9999 -9999 -9999 -9999 -9999 -9999 -9999 -9999 -9999 -9999 -9999 -9999 -9999 -9999 -9999 0.13531236350536299251 0.10532523691654199771 0.047954250127077102661 0.043501812964677796791 0.045391548424959196617 0.056696504354476900955 0.032725010067224502563 0.050329867750406299953 0.052121996879577602024 0.033739972859620999401 0.014633280225098100127 0.0116151990368961993 0.0054050195030868096804 0.015194644220173400551 0.047449946403503397152 0.039248377084732097297 0.039271377027034801155 0.0084610925987362896328 0.011641730554401900563 0.0080946544185280799866 0.015292335301637599229 0.023384638130664801153 0.025437913835048699823 0.0094328029081225395203 0.014273208566010000056 0.025575604289770098587 0.061713650822639500027 0.044111717492342002178 0.064232051372528103927 0.021432060748338699341 0.018794154748320600345 0.0191762652248144011 0.018642816692590699623 0.020280683413147898575 0.025103282183408699019
-9999 -9999 -9999 -9999 -9999 -9999 -9999 -9999 -9999 -9999 -9999 -9999 -9999 -9999 -9999 -9999 -9999 -9999 -9999 0.13617472350597401021 0.090713381767272893708 0.040160879492759697651 0.048227097839117098743 0.032956920564174700672 0.021984456107020398929 0.035468183457851402973 0.05112149193882940118 0.011560651473701000214 0.046203833073377602314 0.035869654268026400501 0.02458661608397959969 0.017575459554791499073 0.017621608451008800161 0.025185314938426000414 0.032299127429723697991 0.0099253589287400193625 0.01326938532292839916 0.0059387153014540698323 0.019074954092502600933 0.0098784919828176498413 0.0090575283393263799486 0.013556063175201400403 0.017511222511529901669 0.05706712976098059914 0.037061803042888599724 0.015203091315925100491 0.0171632394194603001 0.069469168782234205772 0.030999956652522100975 0.01560122985392809955 0.018234508112072899538 0.016443230211734799484 0.020036039873957599278 0.022004036232829100872 0.021002061665058101292
-9999 -9999 -9999 -9999 -9999 -9999 -9999 -9999 -9999 -9999 -9999 -9999 -9999 -9999 -9999 -9999 -9999 -9999 -9999 0.11880781501531599564 0.058242734521627398392 0.043441392481327098518 0.042958267033100100418 0.019886717200279201145 0.035022441297769497937 0.026677284389734299413 0.028845189139246898979 0.044122908264398602585 0.031394697725772899299 0.03741069883108139732 0.046866815537214299991 0.047262504696846001362 0.046866815537214299991 0.039659444242715800877 0.041712526232004200344 0.030640894547104800816 0.029102040454745299602 0.0034876533318311002049 0.007206695154309270164 0.017392648383975001236 0.021345460787415500986 0.022646794095635400246 0.043423213064670597439 0.04746517911553380098 0.070579141378402696083 0.021384503692388499851 0.032304801046848297119 0.057993780821561799477 0.0090647777542471903028 0.015198739245533899808 0.013972032815217999557 0.019113223999738700176 0.020864250138401999046 0.02121947705745700144 0.022823691368102999588
-9999 -9999 -9999 -9999 -9999 -9999 -9999 -9999 -9999 -9999 -9999 -9999 -9999 -9999 -9999 -9999 -9999 -9999 0.071547016501426696777 0.079292349517345400711 0.055021274834871299053 0.055596470832824700092 0.045288119465112700035 0.032880160957574802727 0.061491757631301900699 0.043727450072765398914 0.034420676529407501221 0.036306183785200098202 0.088131412863731398155 0.1014447063207629951 0.087246045470237704178 0.0472019277513026983 0.034236665815115002731 0.021619066596031199373 0.034718420356512097458 0.028410701081156699427 0.021908469498157501221 0.019186303019523599789 0.01734511554241180073 0.033239107578992801995 0.040619634091854102398 0.026240445673465701004 0.024899099022150001509 0.037061255425214802151 0.06558503210544590345 0.055391065776348100136 0.058290161192417103142 0.019712856039404900305 0.023561442270875001398 0.021929908543825100964 0.01379614137113089993 0.026074593886733100218 0.018340431153774299639 0.026162894442677501333 0.024979509413242298455
-9999 -9999 -9999 -9999 -9999 -9999 -9999 -9999 -9999 -9999 -9999 -9999 -9999 -9999 -9999 -9999 -9999 -9999 0.071922831237316103836 0.058213304728269597843 0.042928803712129599834 0.038914557546377202824 0.043015860021114300793 0.033531501889228799984 0.082113787531852694412 0.098017081618308993241 0.029619041830301298668 0.083948701620101900955 0.12267545610666300004 0.025184763595461800295 0.056791253387928002094 0.022794455289840701712 0.033144339919090298752 0.017109069973230400102 0.022122399881482100042 0.0098552927374839800062 0.0051420116797089602742 0.030859455466270401675 0.027296744287014000629 0.038057453930378001838 0.018726760521531101572 0.014964076690375799697 0.023639488965272899973 0.0174239370971918002 0.020112250000238401232 0.03015691041946410092 0.0063283056952059303646 0.020364101976156200047 0.020354380831122398376 0.024003824219107600113 0.02143421210348609926 0.037141043692827196976 0.039986670017242396946 0.01813578605651859979 0.019997872412204700798
-9999 -9999 -9999 -9999 -9999 -9999 -9999 -9999 -9999 -9999 -9999 -9999 -9999 -9999 -9999 -9999 -9999 -9999 0.063725546002388000488 0.063333019614219693283 0.038846738636493696739 0.03404498100280760331 0.032216902822256102135 0.030154816806316400019 0.13550871610641498921 0.11552825570106499409 0.10185696929693199841 0.11332609504461299554 0.030191758647561101059 0.072843588888645199875 0.051818784326314898392 0.011425352655351200121 0.013952197507023799197 0.029163854196667698959 0.016507443040609401375 0.0090805804356932605381 0.012345029972493599957 0.027218468487262701544 0.031061338260769798952 0.019734086468815800058 0.019970417022705098942 0.0092698791995644604091 0.0030876439996063700585 0.019390488043427498571 0.023857709020376198505 0.01818944886326789856 0.012231511995196300835 0.0099908830597996694384 0.014429273083805999739 0.018660569563507999058 0.026187859475612598747 0.062497165054082898239 0.037158410996198702747 0.015586466528475300189 0.059139031916856800442
-9999 -9999 -9999 -9999 -9999 -9999 -9999 -9999 -9999 -9999 -9999 -9999 -9999 -9999 -9999 -9999 -9999 -9999 -9999 0.063737727701663998703 0.050834380090236698513 0.032685570418834700157 0.026040868833661100223 0.032276187092065797279 0.16704215109348299895 0.2135313153266910069 0.086527816951274899582 0.067097820341587094406 0.099071331322193104119 0.034268077462911598896 0.022175706923007999782 0.0082627208903431892395 0.012827237136661999439 0.011545120738446700351 0.0079645533114671707153 0.014801952987909299669 0.021191544830799099314 0.022640604525804498837 0.022478342056274400185 0.022937638685107199915 0.018244404345750798307 0.015373521484434599441 0.011472869664430599204 0.0063035977073013799848 0.017377570271492000925 0.021676581352949100823 0.014854852110147500482 0.0099997119978070293789 0.0097173321992158907118 0.03530688956379889748 0.036486934870481498028 0.057112257927656201462 0.026546927168965301497 0.032137386500835397884 0.10521455109119400018
-9999 -9999 -9999 -9999 -9999 -9999 -9999 -9999 -9999 -9999 -9999 -9999 -9999 -9999 -9999 -9999 -9999 -9999 -9999 0.043423481285572100574 0.047680847346782698204 0.04986913129687309959 0.02956859022378920121 0.0053106737323105300541 0.17170667648315399156 0.21544472873210898656 0.12893135845661199412 0.13733731210231800435 0.086267657577991499473 0.051362477242946597 0.020765312016010298302 0.009244822897017000371 0.003582841716706750175 0.01291707623749970002 0.020041627809405299088 0.012435975484549999237 0.013557418249547500619 0.029243206605315201496 0.014985502697527399926 0.014506304636597600402 0.019950779154896701451 0.022090809419751198522 0.018665900453925101526 0.0073794093914329996972 0.0018115057609975298951 0.013478053733706500325 0.015585685148835199537 0.01854689233005049967 0.031571801751852000828 0.0099705699831247295017 0.052083242684602702732 0.042622603476047501991 0.028842002153396599506 0.070989973843097700645 0.11029494553804400359
-9999 -9999 -9999 -9999 -9999 -9999 -9999 -9999 -9999 -9999 -9999 -9999 -9999 -9999 -9999 -9999 -9999 -9999 -9999 0.033250074833631501625 0.038756866008043303062 0.044826328754425000256 0.062074135988950701615 0.027918791398406000992 0.097256250679493005951 0.189248889684677013 0.21678073704242700748 0.13464999198913599199 0.064800709486007704307 0.061521198600530596634 0.043526243418455103085 0.003682800102978940008 0.0092327957972884195509 0.01368652656674389928 0.014912566170096399135 0.0099180163815617596035 0.01709944754838940012 0.018047388643026400501 0.020295936614274999454 0.012228987179696599805 0.013986031524836999712 0.013317549601197199369 0.012806174345314499247 0.010279075242579000654 0.0080168778076767904101 0.011912522837519600588 0.014022349379956699708 0.011611036024987699336 0.028378017246723199335 0.011167633347213299505 0.069041602313518496414 0.016910277307033500654 0.028387498110532798784 0.08807902038097380204 0.12645162642002100162
-9999 -9999 -9999 -9999 -9999 -9999 -9999 -9999 -9999 -9999 -9999 -9999 -9999 -9999 -9999 -9999 -9999 -9999 -9999 0.0098491096869111095791 0.015867127105593698683 0.022845409810543098467 0.020517798140644999405 0.029927330091595601147 0.020097482949495301674 0.021507991477847099304 0.052806001156568499466 0.1332357227802279942 0.192385986447334012 0.11966811120510099931 0.0080798072740435600281 0.070304773747921003868 0.062059033662080799465 0.055543839931488002415 0.04213002696633340316 0.039396435022354098221 0.0079170633107423799696 0.0066472585313022101994 0.0066318730823695703006 0.010831375606358099872 0.011434585787355899811 0.010912470519542699296 0.013111680746078499885 0.012178306467831100102 0.0083805825561285001574 0.0055822920985519903364 0.0034107940737158099105 0.015447960235178500102 0.034708552062511402458 0.043982733041048001355 0.019375683739781400516 0.035813800990581498573 0.01472285576164720014 0.061534486711025203343 0.10348069667816199579
-9999 -9999 -9999 -9999 -9999 -9999 -9999 -9999 -9999 -9999 -9999 -9999 -9999 -9999 -9999 -9999 -9999 -9999 -9999 -9999 0.020344519987702400915 0.018402021378278701075 0.0149534763768315003 0.016073126345872899845 0.030642218887805900557 0.020586403086781498301 0.098225556313991504997 0.19318129122257199359 0.14863456785678899608 0.064042784273624406288 0.15054580569267300705 0.083107858896255493164 0.074600838124752003044 0.074057705700397505333 0.063517540693283094932 0.061030946671962703343 0.04292545095086099799 0.014248035848140699205 0.01821537688374520042 0.016094105318188698522 0.01242477912455799971 0.005290592554956670239 0.0073227561078965698604 0.013410906307399300674 0.0098463753238320402689 0.00538133177906274969 0.0031242598779499500435 0.016818800941109698921 0.022305630147457098517 0.035825088620185900623 0.04847202822566030328 0.033910442143678699856 0.02745086513459680036 0.040275152772665002987 0.091308996081352206131
-9999 -9999 -9999 -9999 -9999 -9999 -9999 -9999 -9999 -9999 -9999 -9999 -9999 -9999 -9999 -9999 -9999 -9999 -9999 -9999 0.025871466845273999313 0.023655541241169000116 0.016713211312890101368 0.0028118125628679999442 0.028570028021931599682 0.024475203827023499226 0.093512736260891002327 0.19980995357036598903 0.058543883264064802696 0.1666546612977979902 0.12138266116380699855 0.038062795996666003162 0.036304175853729199475 0.037523794919252402569 0.048310980200767503212 0.047173146158456802368 0.085849270224571200272 0.013488538563251500565 0.016086673364043201084 0.018815521150827400898 0.016907386481761901148 0.015568982809782000443 0.0097444299608468992052 0.015379095450043700835 0.0079915123060345597678 0.0019978780765086399419 0.0032309964299202000027 0.011490293778479099274 0.016192439943551999865 0.022008201107382798639 0.041877049952745402928 0.033000215888023397282 0.032003264874219901348 0.029221545904874801636 0.066037051379680605789
-9999 -9999 -9999 -9999 -9999 -9999 -9999 -9999 -9999 -9999 -9999 -9999 -9999 -9999 -9999 -9999 -9999 -9999 -9999 -9999 0.025799898430705101721 0.0082329222932457906542 0.0090272761881351505642 0.0073558911681175197239 0.022830823436379401453 0.037369672209024401566 0.15504464507102999615 0.20075944066047698988 0.11228930205106700535 0.18149755895137800743 0.040103457868099198769 0.008177386596798900259 0.027313102036714598936 0.027202088385820399202 0.0302514787763356989 0.020725699141621600069 0.032752688974142102341 0.040535800158977501606 0.015211230143904699852 0.013125539757311300779 0.0142446188256144992 0.018063647672533999361 0.018984828144311901438 0.01107829343527559976 0.0050664134323596997714 0.0044207861647009797507 0.0057570491917431397891 0.010378216393292000533 0.017072619870305099504 0.019898148253560100918 0.031145215034484901445 0.023498414084315299988 0.02725560590624809959 0.040766820311546297928 0.052489843219518703132
-9999 -9999 -9999 -9999 -9999 -9999 -9999 -9999 -9999 -9999 -9999 -9999 -9999 -9999 -9999 -9999 -9999 -9999 -9999 0.024648824706673601315 0.018858108669519400152 0.023961296305060400536 0.022906553000211698351 0.015749437734484700302 0.030890921130776398396 0.015823045745491998854 0.098835766315460205078 0.13620485365390799792 0.15014910697937000617 0.078814372420311001877 0.070198215544223799278 0.038922972977161400532 0.034007109701633501941 0.025550777092575999161 0.018796978518366799782 0.020157463848590899402 0.01310958806425330074 0.057350188493728603001 0.019522642716765400278 0.017070133239030799849 0.011434605345129999696 0.010942245833575699535 0.015305979177355799256 0.011472869664430599204 0.0070068049244582696414 0.0093284705653786693935 0.0054518678225576903615 0.007246023043990140397 0.0051892567425966297512 0.0078657530248165095921 0.016321986913680999048 0.024268973618745800364 0.028047349303960800171 0.031643081456422798847 0.053068503737449597424
-9999 -9999 -9999 -9999 -9999 -9999 -9999 -9999 -9999 -9999 -9999 -9999 -9999 -9999 -9999 -9999 -9999 -9999 -9999 0.010366914793849000068 0.010941916145384299533 0.0022439116146415498051 0.0093277748674154298963 0.027391681447625198381 0.016126861795783001274 0.037289578467607498169 0.076401427388191195389 0.11876048892736400242 0.032271504402160602898 0.012696200050413599877 0.11132453382015200516 0.078134000301361097862 0.043929811567068099976 0.01180108357220890046 0.013882004655897599993 0.0076722470112144903684 0.021387252956628799438 0.052118021994829198673 0.050792433321475996544 0.029098950326442701159 0.01433428190648559919 0.0037824180908501100519 0.012142340652644599552 0.010717399418353999729 0.0073548951186239702044 0.013896875083446499216 0.00060383527306839802039 0.0074140466749668103991 0.020529348403215401386 0.026430720463395101366 0.0301399379968643015 0.020526496693491901036 0.024491386488080000433 0.03434391692280770042 0.034960985183715799496
-9999 -9999 -9999 -9999 -9999 -9999 -9999 -9999 -9999 -9999 -9999 -9999 -9999 -9999 -9999 -9999 -9999 -9999 -9999 0.014226136729121199517 0.024454835802316700344 0.023954806849360500698 0.022339353337883900708 0.01800085045397279912 0.030840044841170300566 0.0034877564758062401702 0.046238616108894299572 0.10860960185527800126 0.039558440446853603001 0.018056308850646001635 0.064822480082511901855 0.061301916837692302376 0.017258455976843799229 0.019536197185516399055 0.020723041146993598921 0.013995070941746200199 0.038352120667695999146 0.080187477171421106537 0.017918607220053700546 0.028163753449916801436 0.010059142485260999869 0.031084559857845299458 0.0090793436393141694479 0.0057885223068296900659 0.017862262204289401646 0.0019176063360646399599 0.010890152305364600091 0.027451734989881501625 0.032402649521827697754 0.022661034017801298668 0.022324109449982601494 0.033512353897094698807 0.0065458104945719198728 0.028492443263530699976 0.029828224331140500841
-9999 -9999 -9999 -9999 -9999 -9999 -9999 -9999 -9999 -9999 -9999 -9999 -9999 -9999 -9999 -9999 -9999 -9999 0.01532884314656260058 0.013518576510250599615 0.010905822739005099214 0.0013906620442867300737 0.0086844321340322494507 0.012541810050606699845 0.02782261371612549869 0.011770066805183899625 0.044771194458007798622 0.0461194850504397999 0.068007722496986403038 0.057073183357715599751 0.094835147261619595627 0.061958245933055898502 0.058299031108617803409 0.070878908038139301628 0.045420460402965497082 0.035847872495651196545 0.0093128653243184107008 0.011290697380900400343 0.027363393455743800081 0.0047440249472856504259 0.02850151434540749984 0.027746232226490998712 0.0095836892724037205105 0.010184217244386700729 0.055778361856937401508 0.099729143083095606048 0.060747493058443097214 0.016072742640972099287 0.021282223984599099587 0.025407902896404301052 0.029825646430253999891 0.022693594917655001558 0.013221142813563300025 0.017406227067112898382 0.037387929856777198101
-9999 -9999 -9999 -9999 -9999 -9999 -9999 -9999 -9999 -9999 -9999 -9999 -9999 -9999 -9999 -9999 -9999 -9999 0.01482525002211330066 0.014817041344940700548 0.0017382331425324099722 0.0047848592512309603281 0.0038326489739119997888 0.0094539122655987704869 0.0095498450100421905518 0.031269121915101998066 0.024799952283501600775 0.036256611347198500206 0.042528487741947201828 0.067588165402412400673 0.067762747406959505936 0.042429745197296100945 0.055197615176439299156 0.020069371908903101132 0.010289072059094900649 0.013347401283681399609 0.0089368838816881197157 0.018807545304298400879 0.015544329769909399214 0.023039337247610099102 0.018515048548579198656 0.0078804427757859195347 0.0059103323146700902438 0.061143226921558400944 0.15071676671504999345 0.078616216778755201866 0.081298477947711902947 0.056281246244907399967 0.025626981630921398525 0.01743404567241670089 0.010730469599366200192 0.0018115057609975298951 0.0099960900843143497829 0.0022010314278304598558 0.03813971579074860313
-9999 -9999 -9999 -9999 -9999 -9999 -9999 -9999 -9999 -9999 -9999 -9999 -9999 -9999 -9999 -9999 -9999 -9999 0.017906831577420199986 0.02386948093771929999 0.013943529687821899776 0.0065989177674055099487 0.0031193546019494498844 0.0045310040004551402001 0.016355885192751898338 0.015782685950398400027 0.031646586954593700081 0.017765531316399598566 0.061477664858102798462 0.059250023216009098381 0.14916998147964499744 0.020656308159232101423 0.0036072046495974098568 0.031263783574104302143 0.010148464702069799268 0.037354208528995500038 0.059717688709497500354 0.023563006892800299891 0.013101289048790900477 0.011307797394692899531 0.0027723468374460900898 0.0049905311316251798129 0.0047279046848416302409 0.13081985712051399928 0.068269461393356295487 0.15006038546562200375 0.098508924245834406097 0.0044071637094020800138 0.018389379605650898325 0.019854879006743399866 0.022867923602461801003 0.028106613084673898878 0.016547564417123801495 0.022655019536614400683 0.012614248320460300437
-9999 -9999 -9999 -9999 -9999 -9999 -9999 -9999 -9999 -9999 -9999 -9999 -9999 -9999 -9999 -9999 -9999 -9999 0.0078528802841901796522 0.016468890011310601679 0.016763225197792098325 0.014538708142936200216 0.0086905239149928092957 0.0065318802371621097203 0.015224402770400000465 0.023376064375042901466 0.0079446630552411096754 0.058178786188364001175 0.067391075193882002403 0.091782048344612093826 0.1202908977866170015 0.061201579868793501427 0.023196134716272399229 0.01461194735020399961 0.062540583312511402458 0.074316404759883894493 0.069666787981986999512 0.044792275875806801533 0.014949783682823200234 0.0083816135302185994921 0.0041521098464727401733 0.0045229955576360199657 0.0049832612276077296529 0.077455639839172404915 0.1190484389662739978 0.1028226539492610031 0.028675710782408700417 0.044566277414560297176 0.033420421183109297325 0.026576044037938100634 0.023528622463345499893 0.013178608380258100691 0.013012995012104500853 0.023379977792501401013 0.02364277839660640021
