data/slope-degree_0.494deg_4326_wgs84_africa.asc
ncols        157
nrows        172
xllcorner    -25.691817126000
yllcorner    -47.431047002013
cellsize     0.494073406268
NODATA_value  -9999
[rows 96 to 119 of 172, columns 55 to 109 of 157]
-9999 -9999 -9999 -9999 -9999 -9999 -9999 -9999 -9999 -9999 -9999 -9999 -9999 -9999 -9999 -9999 -9999 -9999 -9999 -9999 -9999 -9999 -9999 -9999 -9999 0.17066322267055500372 0.67582511901855502057 0.28962537646293601279 0.20711550116538998689 0.27612268924713101459 0.064850829541683197021 0.034963570535183001453 0.083130873739719404747 0.1728461980819699928 0.13736914098262800743 0.15343210101127599532 0.094601958990097004265 0.11748693138360999377 0.094988964498043101936 0.033137425780296297928 0.030491918325424201275 0.038446713238954502434 0.044851016253232997566 0.055851440876722301121 0.087696217000484494308 0.10581442713737500283 0.14174889028072398811 0.18281051516532900725 0.42618688941001897641 0.24710896611213700735 0.34204953908920299188 0.26852470636367797852 0.29889357089996299033 0.21171374619007099493 0.12157811969518700357
-9999 -9999 -9999 -9999 -9999 -9999 -9999 -9999 -9999 -9999 -9999 -9999 -9999 -9999 -9999 -9999 -9999 -9999 -9999 -9999 -9999 -9999 -9999 -9999 -9999 0.34218826889991799112 0.46678924560546902756 0.15345542132854500528 0.25018203258514398746 0.3324729204177859776 0.3139204084873200018 0.10100907832384099783 0.07501072436571119828 0.06214795261621480077 0.11463910341262799342 0.14437766373157501221 0.080352611839771298508 0.098052591085434001594 0.096284545958042103142 0.04055331274867059882 0.027108149603009199652 0.035867191851139103298 0.058644242584705401355 0.1035641208291050025 0.12682807445526100842 0.10192652046680500399 0.17262244224548300986 0.19492435455322298932 0.2144840806722639881 0.093533784151077298263 0.16874596476554901137 0.23156273365020799138 0.1596185863018040052 0.13415354490280201327 0.10966954380273799541
-9999 -9999 -9999 -9999 -9999 -9999 -9999 -9999 -9999 -9999 -9999 -9999 -9999 -9999 -9999 -9999 -9999 -9999 -9999 -9999 -9999 -9999 -9999 -9999 -9999 -9999 0.34079501032829301321 0.13864667713642100932 0.19228114187717398886 0.15925429761409801155 0.34291049838066101074 0.31765872240066500565 0.17570276558399200439 0.06523004919290539827 0.084939509630203205437 0.13044066727161399144 0.0046720318496227299099 0.09604679793119430542 0.082710713148117093185 0.046283561736345298077 0.013593497686088100787 0.019829565659165399732 0.046209748834371601467 0.069920122623443603516 0.062123000621795702869 0.13606190681457500102 0.14490771293640100637 0.17188057303428599942 0.079044304788112598747 0.046819105744361898258 0.12778240442276000977 0.20181947946548500772 0.056216560304164900352 0.12550380825996398926 0.073931425809860201737
-9999 -9999 -9999 -9999 -9999 -9999 -9999 -9999 -9999 -9999 -9999 -9999 -9999 -9999 -9999 -9999 -9999 -9999 -9999 -9999 -9999 -9999 -9999 -9999 -9999 -9999 0.26594027876853898462 0.10790632665157300074 0.20274733006954198666 0.038756459951400798469 0.15133970975875898901 0.29352089762687699759 0.29060658812522899286 0.10392706096172299457 0.10443459451198600085 0.046519394963979700253 0.037893276661634396618 0.06948731839656829834 0.089386343955993693977 0.039115801453590400005 0.012995029799640199497 0.015111953020095799174 0.034936882555484799484 0.028646979480981799027 0.028978217393159901027 0.1583590656518940043 0.045163344591856002808 0.075238853693008395096 0.026061689481139200392 0.023083016276359599739 0.080924026668071705193 0.11141990870237400424 0.10613101720809900441 0.07838987559080119738 0.089637629687786102295
-9999 -9999 -9999 -9999 -9999 -9999 -9999 -9999 -9999 -9999 -9999 -9999 -9999 -9999 -9999 -9999 -9999 -9999 -9999 -9999 -9999 -9999 -9999 -9999 -9999 -9999 0.29172083735465997867 0.20483124256133999896 0.061889361590146997616 0.069632366299629197548 0.12746544182300600934 0.11396068334579499692 0.25731971859931901392 0.100358150899409998 0.07112381607294079866 0.025089096277952201153 0.024073777720332100588 0.079624161124229403397 0.12904839217662800177 0.031471189111471196964 0.018600884824991198441 0.01326201111078260074 0.027017731219530098652 0.067731462419033106048 0.15319013595581099096 0.049494255334138897995 0.059325452893972396851 0.13670209050178500076 0.11570321768522300043 0.056487161666154903084 0.095313780009746593147 0.078170575201511396934 0.090974606573581695557 0.11357712745666499743 0.06009727716445920076
-9999 -9999 -9999 -9999 -9999 -9999 -9999 -9999 -9999 -9999 -9999 -9999 -9999 -9999 -9999 -9999 -9999 -9999 -9999 -9999 -9999 -9999 -9999 -9999 0.52250838279724098889 0.46304106712341297492 0.36066246032714799341 0.1103636771440510006 0.087902247905731201172 0.034175552427768700336 0.09430173039436340332 0.19750377535819998998 0.14678551256656599544 0.059566952288150801231 0.035399094223976100559 0.034592311829328502293 0.039319623261690098137 0.081056155264377593994 0.09116866439580920134 0.066110529005527496338 0.032088223844766602944 0.015712145715951898739 0.039626527577638598343 0.089071258902549702019 0.10294490307569499621 0.12991282343864399285 0.11168141663074500347 0.031797431409358999088 0.062354706227779402306 0.042730532586574603016 0.033234007656574200695 0.065365239977836595009 0.0641530528664589067 0.057981386780738802811 0.008070825599133970088
-9999 -9999 -9999 -9999 -9999 -9999 -9999 -9999 -9999 -9999 -9999 -9999 -9999 -9999 -9999 -9999 -9999 -9999 -9999 -9999 -9999 -9999 -9999 0.46624338626861600021 0.36684480309486400262 0.23711510002613100934 0.43666073679924000128 0.17909729480743399876 0.06844631582498550415 0.055707812309265102024 0.09736580401659010453 0.12764553725719499089 0.10150843858718899826 0.021332329139113398453 0.019312813878059401085 0.040395770221948602841 0.071380674839019803146 0.058265089988708503033 0.062325160950422300865 0.08938030898571010241 0.044687852263450601742 0.021774340420961400822 0.018677713349461600584 0.058636263012885998791 0.09665058553218840165 0.055036410689353901238 0.019991390407085401354 0.06387589126825329866 0.091790743172168703934 0.026133507490158098402 0.080114103853702503533 0.050464246422052397301 0.066424742341041606575 0.045886091887950897217 0.064058296382427201698
-9999 -9999 -9999 -9999 -9999 -9999 -9999 -9999 -9999 -9999 -9999 -9999 -9999 -9999 -9999 -9999 -9999 -9999 -9999 -9999 -9999 -9999 -9999 0.22686699032783499974 0.15692803263664201197 0.41830790042877197266 0.15027135610580399927 0.14323203265667000528 0.11903298646211600553 0.050737362354993799374 0.064726144075393704513 0.066074900329113006592 0.073042809963226304482 0.044911853969097102757 0.04640521854162219656 0.066950134932994800896 0.06625206023454670301 0.046713031828403500656 0.048288762569427497173 0.08817465603351590242 0.067485600709915202766 0.034026097506284699867 0.017364468425512299965 0.018226709216833100746 0.041225705295801197414 0.039918471127748503258 0.027823919430375099182 0.019357291981577900986 0.073820143938064602951 0.11149565875530199899 0.072460189461708096603 0.030818866565823600095 0.041885294020175899143 0.07009178400039670076 0.043937597423791899254
-9999 -9999 -9999 -9999 -9999 -9999 -9999 -9999 -9999 -9999 -9999 -9999 -9999 -9999 -9999 -9999 -9999 -9999 -9999 -9999 -9999 -9999 0.3718486428260799892 0.24554294347763100381 0.19586689770221699103 0.47057154774665799213 0.20310239493846898862 0.18708617985248598981 0.12650527060031899196 0.10143923014402400629 0.060846652835607500931 0.059835545718669898296 0.0077458615414798303103 0.079064629971980993073 0.066767476499080699592 0.072320066392421694657 0.071650862693786593338 0.061709892004728303383 0.042919766157865496536 0.076018303632736206055 0.074067205190658597092 0.045140825212001800537 0.018704574555158601235 0.017010174691677100445 0.03293776139616969717 0.039437927305698401714 0.021069331094622601591 0.017314882948994598372 0.013352331705391400074 0.075489625334739698936 0.084610342979431193977 0.057532411068677902222 0.031888317316770602161 0.065459899604320498367 0.068635366857051793854
-9999 -9999 -9999 -9999 -9999 -9999 -9999 -9999 -9999 -9999 -9999 -9999 -9999 -9999 -9999 -9999 -9999 -9999 -9999 -9999 -9999 -9999 0.31133770942687999383 0.26283827424049399646 0.61013668775558504986 0.50159263610839799341 0.13088499009609200208 0.13588589429855299495 0.14769537746906299946 0.10989914089441299438 0.093783222138881697227 0.09478332847356800428 0.074411094188690199425 0.062809735536575303505 0.088095270097255706787 0.08900470286607739534 0.066212959587574005127 0.041662566363811499859 0.050215199589729302143 0.071296773850917802284 0.080092862248420701454 0.048154454678297001213 0.017360381782054901123 0.016493247821927098373 0.022266631945967698541 0.076135441660881000847 0.039580821990966796875 0.010284121148288199663 0.041362114250659900994 0.044267285615205799465 0.022739019244909300377 0.034693095833063097855 0.026750113815069198608 0.02762397378683089863 0.048371162265539197067
-9999 -9999 -9999 -9999 -9999 -9999 -9999 -9999 -9999 -9999 -9999 -9999 -9999 -9999 -9999 -9999 -9999 -9999 -9999 -9999 -9999 -9999 0.39837172627449002338 0.73622888326644897461 0.55810040235519398077 0.20055295526981400944 0.08167295157909390535 0.066642537713050800652 0.14555479586124400737 0.13930934667587299702 0.080892480909824399093 0.099215082824230194092 0.10269940644502599525 0.088493928313255296181 0.088661715388298006912 0.075296230614185305496 0.056606769561767598942 0.041675701737403897384 0.047749288380145998856 0.055274952203035403187 0.078232474625110598465 0.048169180750846897487 0.018359640613198301151 0.0063225729390978795824 0.035994857549667400032 0.050294827669858897801 0.036046873778104802921 0.01348965056240560012 0.045227918773889499993 0.015013172291219199772 0.062318235635757397717 0.085604421794414506386 0.083413712680339799355 0.032086767256259897396 0.13751785457134199642
-9999 -9999 -9999 -9999 -9999 -9999 -9999 -9999 -9999 -9999 -9999 -9999 -9999 -9999 -9999 -9999 -9999 -9999 -9999 -9999 -9999 0.23469156026840198859 0.21247421205043801051 0.34072509407997098041 0.53098964691162098273 0.29534676671028098349 0.11621373891830399927 0.046846307814121197766 0.082043759524822193474 0.079733036458492306808 0.10614669322967500154 0.073798269033432006836 0.062612712383270305305 0.077301047742366804649 0.05959858372807499971 0.041636623442172997211 0.014015148393809800584 0.023988451808691000494 0.042307231575250597855 0.059646110981702797627 0.042685091495513902138 0.019499819725751901117 0.016684092581272100958 0.0026121910195797699156 0.032019529491662999943 0.0516743250191211978 0.048551764339208602905 0.021933658048510600025 0.064468249678611797004 0.10591813921928400211 0.088092736899852794319 0.032638665288686800892 0.039204716682434102848 0.060500681400299100021 0.22807542979717299048
-9999 -9999 -9999 -9999 -9999 -9999 -9999 -9999 -9999 -9999 -9999 -9999 -9999 -9999 -9999 -9999 -9999 -9999 -9999 -9999 -9999 0.29141697287559498175 0.41620445251464799341 0.51035791635513294562 0.26066574454307600561 0.059860747307539000084 0.072849228978157001824 0.021295798942446698271 0.058356609195470802998 0.080610118806362193733 0.081527397036552401444 0.06912366300821300158 0.042566623538732500931 0.051387548446655301193 0.032224792987108202835 0.029198827221989600428 0.028887312859296798706 0.035275105386972399613 0.050248242914676700954 0.056880712509155301193 0.041113711893558502197 0.021694663912057900873 0.014086200855672399365 0.018237326294183699854 0.02239544875919819919 0.047708474099636098698 0.063237577676773099045 0.055782765150070197369 0.10068740695715000522 0.054231036454439197902 0.093829177320003495644 0.16078592836856800408 0.098430715501308399529 0.26555126905441300833 0.5395571589469909668
-9999 -9999 -9999 -9999 -9999 -9999 -9999 -9999 -9999 -9999 -9999 -9999 -9999 -9999 -9999 -9999 -9999 -9999 -9999 -9999 -9999 0.33991298079490700479 0.4642620682716370184 0.33810850977897599634 0.26220411062240600586 0.12439987808466000663 0.048338491469621699959 0.013924067839980099406 0.03143350407481190073 0.050208244472742101505 0.040628999471664400955 0.033956054598092998142 0.024159261956810999805 0.022180957719683598584 0.019936520606279400925 0.011472869664430599204 0.040633186697959899902 0.040369812399148899407 0.044305652379989603207 0.050985455513000502159 0.032778855413198498825 0.022356990724801999865 0.016303127631545101528 0.013521319255232800566 0.0089720999822020496006 0.049370825290679896946 0.047407202422618900661 0.10807791352272000385 0.081392645835876506477 0.092448540031909900994 0.16892515122890500168 0.12785892188549000115 0.41604462265968300549 0.52057468891143798828 0.10776843130588499575
-9999 -9999 -9999 -9999 -9999 -9999 -9999 -9999 -9999 -9999 -9999 -9999 -9999 -9999 -9999 -9999 -9999 -9999 -9999 -9999 -9999 0.4803770184516910069 0.37611576914787298032 0.24475099146366099956 0.023643638938665400423 0.22132492065429701378 0.035744905471801799446 0.01007858198136090018 0.01761339418590069858 0.023131828755140301096 0.028490370139479598982 0.023323798552155501629 0.017494043335318600063 0.01365443132817750066 0.030392345041036598896 0.018523655831813798378 0.029919201508164398884 0.035880204290151603008 0.039716415107250199745 0.037931505590677302986 0.032227627933025401741 0.022233054041862501671 0.013171352446079299253 0.012093203142285300147 0.014483877457678300676 0.038952067494392401958 0.08073975145816800203 0.090736560523509993126 0.10562419891357399671 0.15313832461834001042 0.096113346517086001297 0.048568665981292696854 0.52280896902084394995 0.055870141834020600746 0.21377830207347900404
-9999 -9999 -9999 -9999 -9999 -9999 -9999 -9999 -9999 -9999 -9999 -9999 -9999 -9999 -9999 -9999 -9999 -9999 -9999 -9999 -9999 0.46870750188827497995 0.47343581914901700092 0.18184381723403900133 0.2569299936294560105 0.14291045069694499614 0.0089904237538576091404 0.01115999650210140054 0.012225064449012300327 0.018791558220982600147 0.028080003336071999304 0.025421908125281299229 0.017192646861076400083 0.016611127182841300964 0.021172108128666898563 0.026598887518048300316 0.02592050470411779925 0.034622881561517701576 0.031627800315618501137 0.033000875264406197285 0.036203131079673801784 0.027542270720005000706 0.019704282283783000618 0.010092235170304799524 0.023329971358180000979 0.064030811190605205208 0.070151455700397505333 0.025575127452611898932 0.10633900761604299368 0.13598333299160000887 0.23094384372234300074 0.37171232700347900391 0.1125100478529929976 0.27151232957839999127 0.10694473236799199867
-9999 -9999 -9999 -9999 -9999 -9999 -9999 -9999 -9999 -9999 -9999 -9999 -9999 -9999 -9999 -9999 -9999 -9999 -9999 -9999 -9999 0.53092849254608198706 0.3705531656742099833 0.26147726178169300448 0.039641473442316096931 0.25233739614486699887 0.058014255017042201668 0.014627574011683500479 0.0085483882576227205458 0.018392940983176200159 0.028061551973223700096 0.025458067655563399595 0.018291054293513301504 0.010978524573147300375 0.020905839279294000099 0.013210069388151200048 0.019268795847892799394 0.021152827888727198519 0.019022125750780098652 0.017797775566577900969 0.026563629508018500591 0.02439562417566780092 0.022244740277528800981 0.023317396640777598299 0.029884578660130500793 0.035783659666776698738 0.029147965833544699915 0.063633479177951798866 0.042311288416385699207 0.098805323243141202072 0.21519637107849098889 0.33553308248519897461 0.35215777158737199271 0.16128474473953199886 0.21361547708511399724
-9999 -9999 -9999 -9999 -9999 -9999 -9999 -9999 -9999 -9999 -9999 -9999 -9999 -9999 -9999 -9999 -9999 -9999 -9999 -9999 -9999 -9999 0.50820177793502796515 0.47665825486183199811 0.56391322612762495581 0.28695830702781699451 0.10309825092554099346 0.054521705955267001087 0.034952562302350997925 0.018332846462726599956 0.012310345657169799796 0.039644476026296601723 0.058784183114767102341 0.048050820827484103104 0.026566287502646401125 0.026345675811171500452 0.028365286067128198805 0.047661047428846400886 0.051621671766042702412 0.04053246602416039901 0.044504791498184197163 0.035799771547317497944 0.025528376922011399713 0.020675072446465499187 0.014676385559141599466 0.011476141400635200829 0.055677954107522999172 0.065355099737644195557 0.046462595462799100021 0.041611090302467297619 0.10446532815694800633 0.16763295233249700389 0.024207742884755099888 0.06376214325428010421 0.071963898837566403488
-9999 -9999 -9999 -9999 -9999 -9999 -9999 -9999 -9999 -9999 -9999 -9999 -9999 -9999 -9999 -9999 -9999 -9999 -9999 -9999 -9999 -9999 -9999 0.37271448969840997867 0.31790772080421397794 0.39610749483108498303 0.04837442189455030267 0.11004492640495300293 0.092359825968742398361 0.082019709050655406624 0.10962373763322799669 0.17148075997829401174 0.17624166607856800448 0.12355769425630599989 0.034251291304826701756 0.015030845999717700259 0.018870076164603198643 0.038928519934415803383 0.057107675820589100246 0.064265720546245602707 0.057465702295303303093 0.033948667347431196739 0.017737336456775699978 0.012431338429450999178 0.014683789573609799459 0.022653929889202100573 0.028286129236221299599 0.042919997125864001175 0.053591407835483599598 0.048914819955825798725 0.013902911916375200116 0.051123313605785397629 0.034354291856288902973 0.089943975210189805458 0.10571422427892700202
-9999 -9999 -9999 -9999 -9999 -9999 -9999 -9999 -9999 -9999 -9999 -9999 -9999 -9999 -9999 -9999 -9999 -9999 -9999 -9999 -9999 -9999 -9999 0.56617861986160300525 0.46026411652565002441 0.18782566487789201237 0.1615560352802279942 0.01402065623551610081 0.1143711209297180037 0.12421000003814700041 0.15657140314578998908 0.1970174610614779942 0.23186238110065499063 0.23069766163825999872 0.1061942502856249998 0.037418365478515597244 0.022424474358558699888 0.022438533604145098621 0.035851344466209397743 0.10260289162397399909 0.083794064819812802414 0.031226446852087998834 0.015748349949717500851 0.014178758487105400793 0.012038074433803599983 0.0096130324527621303921 0.022488486021757101568 0.035507455468177802349 0.043814308941364302208 0.066017396748065906853 0.044702179729938500141 0.042277708649635301064 0.094596274197101606895 0.11822220683097800498 0.14013896882533999344
-9999 -9999 -9999 -9999 -9999 -9999 -9999 -9999 -9999 -9999 -9999 -9999 -9999 -9999 -9999 -9999 -9999 -9999 -9999 -9999 -9999 -9999 -9999 -9999 0.60714006423950195313 0.3499888181686400257 0.24606040120124800241 0.24562260508537300807 0.12427099049091300254 0.0082810521125793491726 0.12101390957832300344 0.15551245212554901109 0.052756197750568396831 0.1058221384882929994 0.049137357622384997269 0.054261986166238798668 0.049108013510703998894 0.035122737288475001927 0.033241856843233101582 0.11768355220556299401 0.072278663516044602821 0.023821134120225899433 0.014718223363161099179 0.0076884040609002095995 0.018126450479030598723 0.0089161219075322203226 0.02016963623464109942 0.025434240698814399029 0.043500918895006200626 0.039296597242355298107 0.042471490800380699848 0.078543983399867997597 0.16353252530098000284 0.1760154962539670076 0.14035783708095600497
-9999 -9999 -9999 -9999 -9999 -9999 -9999 -9999 -9999 -9999 -9999 -9999 -9999 -9999 -9999 -9999 -9999 -9999 -9999 -9999 -9999 -9999 -9999 -9999 0.50544583797454800678 0.43149939179420498947 0.29803776741027798725 0.20099155604839299971 0.13147296011447900943 0.22429929673671700208 0.24789518117904699168 0.064816288650035899788 0.17010350525379200337 0.060397252440452603439 0.075548090040683704705 0.082325793802738203575 0.079612992703914600701 0.06683068722486500135 0.079131014645099598259 0.069209583103656796554 0.05096713453531270116 0.052548520267009700413 0.037036284804344198063 0.045820530503988300686 0.034423213452100802356 0.019415263086557398714 0.021320154890418101246 0.018632847815752001663 0.018994122743606598608 0.013723244890570600665 0.067145787179470103889 0.14396819472312899491 0.14179465174674998895 0.077473610639572101921 0.13880166411399799675
-9999 -9999 -9999 -9999 -9999 -9999 -9999 -9999 -9999 -9999 -9999 -9999 -9999 -9999 -9999 -9999 -9999 -9999 -9999 -9999 -9999 -9999 -9999 -9999 -9999 0.40506023168563798365 0.22487190365791301372 0.28428119421005199063 0.33544588088989302221 0.24350172281265300422 0.081831067800521906097 0.14488510787486999498 0.1158738657832149993 0.15230031311511998959 0.11596501618623700214 0.10886658728122700079 0.12791968882083901149 0.11497864872217200549 0.10372189432382600272 0.10436882823705699586 0.11269363760948200581 0.10910378396511100085 0.088412597775459303429 0.048056147992610896702 0.031130783259868601009 0.030584968626499200312 0.021331902593374300892 0.018898770213127101536 0.031505629420280498176 0.051161464303731897518 0.10355987399816500572 0.10858911275863600276 0.16896449029445601009 0.2503252923488620274 0.2733089029788969837
-9999 -9999 -9999 -9999 -9999 -9999 -9999 -9999 -9999 -9999 -9999 -9999 -9999 -9999 -9999 -9999 -9999 -9999 -9999 -9999 -9999 -9999 -9999 -9999 -9999 0.45053997635841397384 0.22011238336563099249 0.20420171320438398888 0.24698935449123399222 0.24827606976032298713 0.067387841641902895828 0.069361597299575805664 0.10689438134431800131 0.16550953686237299123 0.12955361604690598942 0.1109038144350049937 0.12445347756147399909 0.13125395774841300267 0.10783910751342799805 0.091535344719886793663 0.073891498148441300819 0.067866101861000102669 0.073045179247856098503 0.054355330765247303337 0.031752903014421497707 0.037122659385204301308 0.043048240244388601139 0.071067370474338503739 0.088810101151466397384 0.10481551289558399542 0.11322344094514799617 0.02657561562955379833 0.13506937026977500205 0.16504970192909199089 0.17147594690322900957
