data/slope-degree_0.494deg_4326_wgs84_africa.asc
ncols        157
nrows        172
xllcorner    -25.691817126000
yllcorner    -47.431047002013
cellsize     0.494073406268
NODATA_value  -9999
[rows 72 to 95 of 172, columns 55 to 109 of 157]
-9999 -9999 -9999 -9999 -9999 -9999 -9999 -9999 -9999 -9999 -9999 -9999 -9999 -9999 -9999 -9999 -9999 0.37055045366287198139 0.18632906675338700708 0.064573407173156696648 0.021005433052778198916 0.047863889485597596596 0.069825857877731295487 0.05005872994661329789 0.03694827854633329911 0.06387354433536529541 0.076953172683715806435 0.018602106720209100887 0.050435610115528099751 0.055531419813632999782 0.030561398714780800556 0.048471026122570003147 0.026696676388382901274 0.0072967587038874600139 0.0059475507587194399381 0.0048688412643969102359 0.0095515288412571005411 0.019341275095939601536 0.016708768904209098799 0.012321460060775300815 0.038253262639045701454 0.042453140020370497276 0.043296385556459399124 0.054621390998363501812 0.018022170290350900124 0.076189763844013200234 0.036895547062158598473 0.04061270132660869947 0.023124525323510201208 0.049548659473657601093 0.045699000358581501335 0.039385437965393101101 0.15320463478565199411 0.15941788256168398785 0.10896535217762000347
-9999 -9999 -9999 -9999 -9999 -9999 -9999 -9999 -9999 -9999 -9999 -9999 -9999 -9999 -9999 -9999 0.25263226032257102283 0.36762073636054998227 0.13681299984455100316 0.055582370609045000931 0.093192338943481403679 0.094797082245349897911 0.042800866067409501503 0.018811387941241299038 0.01261158287525179951 0.042297150939703001549 0.055955983698368100265 0.044551946222782100315 0.065900668501853901238 0.071282051503658294678 0.038658179342746699925 0.027067882940173100537 0.0097372001037001592455 0.0068849101662635803223 0.0030191761907190101805 0.0085417861118912696838 0.014916550368070600682 0.01784529723227019915 0.017763685435056700279 0.025237306952476501465 0.022420018911361701275 0.013010045513510700571 0.023329477757215499878 0.040149845182895702034 0.070293374359607696533 0.050109509378671597546 0.038948792964219998425 0.019661881029605900173 0.021096469834446900105 0.043237667530775097946 0.029749536886811301512 0.066496141254901899864 0.036734603345394099827 0.09886067360639569368 0.12735080718994098992
-9999 -9999 -9999 -9999 -9999 -9999 -9999 -9999 -9999 -9999 -9999 -9999 -9999 -9999 -9999 -9999 0.14319773018360099082 0.40286701917648298776 0.19512221217155500952 0.13513289391994501298 0.10044127702713000205 0.042009402066469199444 0.018435964360833199255 0.0098303947597742098036 0.019779749214649200439 0.03418249636888499865 0.085114687681198106239 0.066197626292705494255 0.065579533576965304276 0.060298591852188103413 0.037461355328559903244 0.016204223036766100818 0.007345997728407380363 0.007246023043990140397 0.010701220482587800453 0.014853870496153800257 0.015289753675460799817 0.0070425169542431796665 0.0045991586521267899604 0.028460483998060198685 0.022732809185981799061 0.025478996336460099648 0.024343943223357200623 0.021032046526670501035 0.066511623561382293701 0.027838747948408099075 0.037432577461004298836 0.0079422360286116600037 0.021273609250783899471 0.034082125872373601749 0.069291882216930403282 0.074756197631359100342 0.053504224866628598278 0.12317972630262399858 0.11085981875658000584
-9999 -9999 -9999 -9999 -9999 -9999 -9999 -9999 -9999 -9999 -9999 -9999 -9999 -9999 -9999 -9999 -9999 0.08189480751752850618 0.28790989518165599481 0.11101364344358399805 0.10615474730730099784 0.14495161175727799829 0.13761591911315901315 0.073253422975540202766 0.045323848724365199681 0.082617335021495805214 0.038913425058126401013 0.04371867701411250029 0.044046878814697300319 0.022690074518322899538 0.013569510541856299318 0.0068316175602376495724 0.003818989498540759954 0.0034158087801188200157 0.015095887705683699517 0.015849962830543500719 0.012448385357856800795 0.013663234189152700243 0.018364936113357498843 0.012737922370433800434 0.019445000216364898699 0.029215902090072600611 0.038517884910106700569 0.049793530255556099628 0.061868786811828599403 0.020530404523015001461 0.034168757498264298866 0.01222673524171109978 0.014913634397089500436 0.058575134724378599693 0.10279568284750000007 0.12686993181705499834 0.079763360321521800667 0.1144947484135629967 0.2553179264068600185
-9999 -9999 -9999 -9999 -9999 -9999 -9999 -9999 -9999 -9999 -9999 -9999 -9999 -9999 -9999 -9999 0.0061579402536153802009 0.00734597677364944978 0.16946564614772799406 0.20874939858913399426 0.082364559173583998253 0.022439686581492399725 0.10253220796585099661 0.13729959726333598735 0.1158639788627619932 0.065085478127002702187 0.058082502335310003116 0.047852773219347000122 0.032276164740323999569 0.023681260645389598518 0.010283034294843699727 0.0078498823568224906921 0.010885865427553700555 0.014492353424429900433 0.015394899062812300583 0.0060383523814380203609 0.0068316883407533203487 0.0094323260709643398647 0.010283070616424099322 0.020848052576184300522 0.024468850344419500187 0.034009020775556599026 0.029514057561755201176 0.049943473190069198608 0.056763704866170897056 0.030677391216158901577 0.017417527735233299946 0.010283070616424099322 0.027539666742086400114 0.046035230159759500668 0.056092809885740300968 0.13266195356845900122 0.058622483164072002049 0.1595707982778550027 0.43677139282226601358
-9999 -9999 -9999 -9999 -9999 -9999 -9999 -9999 -9999 -9999 -9999 -9999 -9999 -9999 -9999 0.039139103144407300094 0.023925971239805200741 0.028485605493187900888 0.22708065807819399762 0.27900275588035600149 0.18425244092941300833 0.11510653793811799483 0.054150316864252097393 0.014605176635086499978 0.085443250834941905647 0.088991716504096998741 0.080516338348388699631 0.050485607236623798733 0.039567440748214700863 0.020299889147281601626 0.010283362120389900191 0.013502429239451900836 0.0072711440734565301394 0.021773703396320301384 0.022343851625919300408 0.0036733348388224801133 0.0059471828863024702935 0.0095481025055050797873 0.01918213441967960009 0.009393929503858089447 0.016427556052804000164 0.012390309013426300394 0.015941977500915499588 0.01256540510803460034 0.032810918986797298069 0.032281242311000803158 0.0096613634377718006496 0.0070683187805116202626 0.017292598262429199202 0.037679262459278099751 0.059024170041084303429 0.13411319255828899055 0.13113267719745599904 0.19929248094558699167 0.45923417806625399518
-9999 -9999 -9999 -9999 -9999 -9999 -9999 -9999 -9999 -9999 -9999 -9999 -9999 -9999 -9999 0.026968037709593800644 0.032373044639825800106 0.10164149850606900294 0.17657807469368000386 0.26346474885940601718 0.17966669797897300009 0.23754993081092801166 0.17813472449779499396 0.12615026533603698744 0.030485060065984701666 0.11576209217310000354 0.092634573578834505936 0.076337836682796506027 0.062351662665605503411 0.042057108134031302715 0.016249211505055399796 0.012797651812434199942 0.034945044666528701782 0.0082132099196314794359 0.025224339216947600645 0.024648033082485198975 0.011459331959486000752 0.012435906566679500243 0.017272669821977601479 0.02529083937406539917 0.022762984037399298931 0.019661899656057399421 0.014595109969377500353 0.018913032487034801138 0.031884681433439303333 0.036487277597188901013 0.040368024259805700138 0.012228706851601600647 0.024292638525366800489 0.031458828598260900333 0.064626887440681499153 0.098178721964359297325 0.10256967693567299593 0.31429788470268199552 0.52127003669738802838
-9999 -9999 -9999 -9999 -9999 -9999 -9999 -9999 -9999 -9999 -9999 -9999 -9999 -9999 -9999 -9999 0.040761064738035202026 0.094997100532054901123 0.082931399345397893708 0.24188748002052298802 0.085313037037849398514 0.1373695135116579924 0.20690323412418398785 0.20341946184635201211 0.10062780231237400397 0.1033267304301259959 0.082749389111995697021 0.10106936842203100013 0.088313698768615694901 0.076774001121520996094 0.01161972247064109974 0.046418860554695101639 0.010336053557693999916 0.0085835447534918802442 0.011103687807917600114 0.020304499194026000286 0.027295758947730099087 0.02227718010544780039 0.024460641667246801195 0.028301453217863998396 0.034714698791503899311 0.036134798079729101017 0.016403965651989000502 0.030498655512929000871 0.030158346518874199621 0.033315982669591896748 0.034945677965879398674 0.022273689508438099943 0.01215599849820139973 0.041294787079095798821 0.096369937062263502647 0.12217464298009900192 0.23642294108867600855 0.25710520148277299368 0.65445494651794400287
-9999 -9999 -9999 -9999 -9999 -9999 -9999 -9999 -9999 -9999 -9999 -9999 -9999 -9999 -9999 -9999 0.040846765041351297543 0.13972696661949199348 0.10102704912424100014 0.03380833193659780328 0.37896704673767100946 0.18057520687580100316 0.053668741136789301083 0.14212900400161698755 0.13278469443321200272 0.10057238489389400127 0.12436322122812300262 0.12910854816436800885 0.15967860817909199089 0.10246585309505500117 0.077481940388679504395 0.03552647680044170031 0.025374673306941999962 0.010886589996516699355 0.010336087085306599337 0.010000663809478300276 0.026544302701950100998 0.035899467766284900994 0.030933208763599399221 0.029995197430253001114 0.030353190377354601071 0.042376291006803498695 0.053295712918043101902 0.02534746564924720072 0.039736632257700001125 0.044345665723085403442 0.013948965817689900834 0.038300648331642199451 0.01080743130296469949 0.034482829272746998162 0.052553623914718600174 0.11662545055150999596 0.26277437806129499975 0.19097749888896900505 0.50757515430450395044
-9999 -9999 -9999 -9999 -9999 -9999 -9999 -9999 -9999 -9999 -9999 -9999 -9999 -9999 -9999 -9999 -9999 0.11473856121301699573 0.15893386304378501195 0.043699376285076099724 0.26697653532028198242 0.33867108821868902035 0.18645156919956198949 0.079061746597289997429 0.024906247854232798494 0.083214670419692993164 0.035924118012189899807 0.052240565419197103336 0.14958900213241599353 0.11959081888198899724 0.061891540884971597836 0.058224420994520201256 0.038661707192659398868 0.013669776730239400001 0.014006078243255599622 0.025425815954804399655 0.030667439103126501593 0.038389910012483596802 0.047410786151886000206 0.030687214806675900541 0.042914368212223101551 0.037829753011465100387 0.048136539757251697869 0.068452127277851104736 0.043769571930170100837 0.017049465328454999069 0.03573872894048690102 0.0084174694493413006191 0.017562447115778898749 0.044188242405652999878 0.069283075630664797684 0.03726759552955630217 0.2517416775226590242 0.53300523757934603619 0.47810444235801702328
-9999 -9999 -9999 -9999 -9999 -9999 -9999 -9999 -9999 -9999 -9999 -9999 -9999 -9999 -9999 -9999 -9999 -9999 -9999 0.17688113451004000565 0.086224831640720395187 0.043063718825578703453 0.23083163797855399402 0.22684079408645599352 0.11631269752979299381 0.059030096977949100823 0.06699471175670619616 0.082887575030326801628 0.094538070261478396317 0.091792009770870194862 0.11977473646402400642 0.10978910326957699861 0.021135240793228100842 0.019729062914848299881 0.021775744855403900146 0.0067514553666114798455 0.024674450978636700005 0.037293016910552999332 0.032525248825550100162 0.024829262867569899115 0.033830754458904301052 0.022373694926500299618 0.0230169538408518011 0.012628369964659200142 0.020194835960864999935 0.014716560952365400142 0.037723153829574598839 0.034947492182254798199 0.015765400603413599195 0.048425588756799697876 0.11672156304120999415 0.042005050927400602867 0.14459635317325600368 0.44478756189346302374 1.0059131383895900669
-9999 -9999 -9999 -9999 -9999 -9999 -9999 -9999 -9999 -9999 -9999 -9999 -9999 -9999 -9999 -9999 -9999 -9999 -9999 -9999 0.12818421423435200079 0.056681804358959197998 0.10184945166110999371 0.1913395971059800027 0.20134067535400398952 0.15360760688781699423 0.15216298401355698999 0.16789437830448200595 0.10864525288343400422 0.087198376655578599403 0.083785064518451704552 0.1381613761186600009 0.081098288297653198242 0.029222039505839299267 0.035445991903543500046 0.038799230009317398071 0.060072641819715499878 0.047135487198829699451 0.039032809436321300178 0.037442669272422797466 0.027016157284378998493 0.035786565393209499031 0.043786585330963100071 0.017040936276316601128 0.015117027796804899734 0.012033721432089800399 0.01245452184230090055 0.027199525386094998425 0.02712124213576319956 0.032578859478235203118 0.074271537363529205322 0.089775577187538105339 0.31122714281082197729 0.55421155691146894995 0.62963372468948397565
-9999 -9999 -9999 -9999 -9999 -9999 -9999 -9999 -9999 -9999 -9999 -9999 -9999 -9999 -9999 -9999 -9999 -9999 -9999 -9999 0.16186450421810200107 0.21023972332477600111 0.04040580615401270087 0.098906345665454906135 0.068302728235721602013 0.078530855476856203934 0.019381280988454801378 0.13158337771892500423 0.17066478729247999691 0.10518680512905100033 0.091520935297012301346 0.091386549174785600136 0.088211834430694593956 0.066286996006965595574 0.03592473268508909745 0.061230298131704302689 0.05610102415084840255 0.014169258065521699724 0.01992656290531159835 0.027203252539038699775 0.042641874402761500984 0.025254860520362899107 0.010124566964805100169 0.0087937740609049797058 0.024333212524652498426 0.032164596021175398399 0.053304132074117702156 0.023798994719982098645 0.041704200208187103271 0.020864382386207601383 0.039623100310563999504 0.098979301750659900994 0.076263621449470506142 0.36794382333755498715 0.7122485637664790481
-9999 -9999 -9999 -9999 -9999 -9999 -9999 -9999 -9999 -9999 -9999 -9999 -9999 -9999 -9999 -9999 -9999 -9999 -9999 -9999 -9999 0.16893319785594901328 0.23838078975677501337 0.093306936323642702957 0.15216018259525299072 0.070402167737484006027 0.083581663668155697922 0.11584675312042200246 0.16721783578395799097 0.10380919277668000655 0.12800703942775701338 0.1148100942373280059 0.066640019416809095909 0.13045069575309800602 0.041221369057893801624 0.093520618975162506104 0.11639275401830699586 0.044229581952094997044 0.047159247100353199333 0.028464790433645199841 0.029514320194721201107 0.023557364940643300139 0.036793101578950902775 0.053553726524114601826 0.019356990233063701284 0.04414156451821329985 0.043001964688301100304 0.054681785404682201057 0.043589673936367000218 0.033372692763805403282 0.037934813648462302471 0.050682965666055700138 0.090873032808303805252 0.092060260474681895881 0.41024136543273898026
-9999 -9999 -9999 -9999 -9999 -9999 -9999 -9999 -9999 -9999 -9999 -9999 -9999 -9999 -9999 -9999 -9999 -9999 -9999 -9999 -9999 -9999 0.18936756253242501002 0.24317209422588301204 0.033950343728065497662 0.14927132427692399452 0.10647152364254000578 0.13403728604316700324 0.19536979496479001117 0.050019841641187702541 0.073598757386207594444 0.1544492095708850099 0.13987720012664800473 0.14352403581142400557 0.13457539677619900775 0.13100425899028800281 0.13277517259120899529 0.11554146558046299309 0.053213786333799396877 0.050190553069114698936 0.024016829207539600044 0.027980368584394500059 0.041409719735384001305 0.044143885374069199989 0.03712855279445650275 0.06160522997379300203 0.053314801305532497078 0.055882595479488400558 0.053835473954677602604 0.048242889344692202469 0.067126818001270294189 0.068578824400901794434 0.16796502470970200993 0.088495284318924005706 0.24418932199478099454
-9999 -9999 -9999 -9999 -9999 -9999 -9999 -9999 -9999 -9999 -9999 -9999 -9999 -9999 -9999 -9999 -9999 -9999 -9999 -9999 -9999 -9999 0.096780940890312194824 0.19056735932826998625 0.15444955229759199655 0.044299807399511302586 0.14995673298835798803 0.21839810907840701004 0.12629760801792100366 0.10914465039968500315 0.085014499723911299278 0.093133509159088093132 0.13455824553966500012 0.13379664719104800152 0.18595442175865201095 0.14883206784725200311 0.077826194465160397629 0.10355699062347399619 0.060110811144113499016 0.070173449814319596718 0.062221623957157100315 0.05869230628013610146 0.067836292088031796554 0.06465589255094529586 0.04145615920424459977 0.080806083977222400994 0.06664584577083590422 0.052153114229440702965 0.055798046290874502018 0.059815336018800700779 0.080156177282333401779 0.02550784870982170105 0.12005888670682900166 0.15718580782413499319 0.17349420487880701236
-9999 -9999 -9999 -9999 -9999 -9999 -9999 -9999 -9999 -9999 -9999 -9999 -9999 -9999 -9999 -9999 -9999 -9999 -9999 -9999 -9999 -9999 0.08266650885343550248 0.12537351250648501311 0.15409928560256999641 0.1542708724737170134 0.21102367341518399324 0.11476977169513699617 0.11350212991237600135 0.19188660383224501182 0.1753654181957239877 0.085368156433105496506 0.12836666405200999885 0.10209325700998299336 0.10682659596204799324 0.14818163216113999781 0.15530842542648298776 0.084264822304248795937 0.076259389519691495041 0.065951652824878706505 0.077234864234924302528 0.10389824956655499544 0.11471883207559599449 0.090973719954490703254 0.16091243922710399272 0.10473644733428999487 0.063733190298080402703 0.11370141059160200625 0.1262981593608860087 0.19985479116439799907 0.10888622701168100548 0.091336056590080302864 0.10060291737318000083 0.14708966016769400853 0.22607603669166601024
-9999 -9999 -9999 -9999 -9999 -9999 -9999 -9999 -9999 -9999 -9999 -9999 -9999 -9999 -9999 -9999 -9999 -9999 -9999 -9999 -9999 -9999 -9999 0.19030600786209100894 0.19526834785938299022 0.1111850067973139955 0.27423194050788901599 0.21787704527378098929 0.13993598520755801129 0.11082481592893600464 0.17971804738044699912 0.065327890217304201981 0.17587898671627000269 0.069407172501087202598 0.10073228180408499988 0.10605778545141200664 0.20161713659763300099 0.14809349179267899954 0.091825239360332502891 0.069413587450981098503 0.11828512698411899895 0.074166513979434994797 0.073014438152313204666 0.063548035919666304161 0.13242034614086201083 0.034593123942613601685 0.13641715049743699528 0.14498989284038499292 0.082315325736999497841 0.15158309042453799176 0.19625090062618300024 0.1155019029974939937 0.071713060140609699578 0.12841516733169600073 0.26742073893547102514
-9999 -9999 -9999 -9999 -9999 -9999 -9999 -9999 -9999 -9999 -9999 -9999 -9999 -9999 -9999 -9999 -9999 -9999 -9999 -9999 -9999 -9999 -9999 0.1941851079463960128 0.25386062264442399439 0.14271633327007299252 0.3367654979228970058 0.21807688474655201327 0.19076405465602899736 0.2206892073154450018 0.21498256921768199579 0.023146659135818498793 0.13505019247531899196 0.20325790345668801051 0.053744766861200297947 0.10107877105474499801 0.14561332762241399608 0.15522205829620400186 0.088778734207153306435 0.097433835268020602127 0.082143276929855305046 0.056199003010988200779 0.065679758787155206878 0.055356837809085797375 0.070175692439079298546 0.13759802281856500783 0.18464666604995699783 0.066637061536312103271 0.0086230346933007205601 0.15020374953746801205 0.13127556443214399851 0.091931454837322193474 0.050309583544731098503 0.12116070836782499853 0.39687395095825200864
-9999 -9999 -9999 -9999 -9999 -9999 -9999 -9999 -9999 -9999 -9999 -9999 -9999 -9999 -9999 -9999 -9999 -9999 -9999 -9999 -9999 -9999 -9999 -9999 0.21657299995422399363 0.22386805713176699539 0.31903865933418301681 0.27970555424690202173 0.14656591415405301193 0.32701182365417502673 0.24499045312404599262 0.063405603170394897461 0.10599068552255599962 0.21270003914833099379 0.16366809606552099043 0.072872959077358204216 0.12473289668560000321 0.17134481668472301141 0.11546064168214799361 0.074934281408786801437 0.065981440246105194092 0.076875753700733198692 0.056985877454280901844 0.04418251663446429861 0.045891467481851598575 0.11433647572994200259 0.10121587663888899356 0.057961530983448000809 0.10570284724235499973 0.15213234722614299432 0.081593491137027698845 0.12508295476436601112 0.3182042837142939895 0.23927544057369198871 0.32614240050315901343
-9999 -9999 -9999 -9999 -9999 -9999 -9999 -9999 -9999 -9999 -9999 -9999 -9999 -9999 -9999 -9999 -9999 -9999 -9999 -9999 -9999 -9999 -9999 -9999 0.216751515865326011 0.30961984395980801654 0.22497193515300800692 0.28373447060584999768 0.086809583008289295525 0.26952463388442998715 0.27361837029457097836 0.09327857941389079699 0.063349626958370194862 0.2081996351480480123 0.17705772817134898811 0.051933396607637398457 0.082741968333721202522 0.12956419587135301064 0.13559196889400498831 0.072865419089794200569 0.073806472122669206093 0.063850656151771503777 0.032493881881237002274 0.064185075461864499191 0.061490576714277302151 0.084674261510372203499 0.096628226339817005486 0.098726592957973494102 0.21385101974010500836 0.13760896027088201365 0.14658953249454501067 0.01102194003760809983 0.43190121650695800781 0.29024517536163302323 0.078938715159892994255
-9999 -9999 -9999 -9999 -9999 -9999 -9999 -9999 -9999 -9999 -9999 -9999 -9999 -9999 -9999 -9999 -9999 -9999 -9999 -9999 -9999 -9999 -9999 -9999 -9999 0.30288553237915000205 0.256725609302520974 0.33212780952453602179 0.17398391664028201031 0.25683203339576698987 0.33794975280761702097 0.098459310829639393181 0.029594726860523199591 0.22524599730968500322 0.16919799149036399144 0.031256079673767096783 0.079820714890956906418 0.088323540985584300667 0.097886115312576293945 0.083105213940143599083 0.1087375208735470028 0.04646166414022449842 0.061392702162265798405 0.097011141479015405853 0.07508026808500289917 0.06608676910400390625 0.057012960314750699142 0.034116648137569399735 0.14593149721622500348 0.26376321911811800858 0.12244954705238300652 0.50480282306671098169 0.11127819865941999955 0.29169330000877402576 0.091150879859924302528
-9999 -9999 -9999 -9999 -9999 -9999 -9999 -9999 -9999 -9999 -9999 -9999 -9999 -9999 -9999 -9999 -9999 -9999 -9999 -9999 -9999 -9999 -9999 -9999 0.033275384455919300442 0.049440301954746197766 0.35892015695571899414 0.28108674287795998303 0.21161152422428100572 0.11583437025546999832 0.051270335912704502468 0.30701896548271201404 0.27557536959648099018 0.11394969373941400692 0.11796966940164599347 0.09818935394287109375 0.038218390196561799477 0.10281101614236799746 0.074701726436615004112 0.062207046896219302112 0.039201650768518399304 0.026579486206173900259 0.05131203308701520055 0.071568220853805500359 0.077378019690513596962 0.011873853392898999978 0.12768712639808699194 0.18009702861309098698 0.14542131125926999191 0.26398998498916598221 0.56183391809463500977 0.041308101266622501702 0.25576576590538002698 0.32518205046653697599 0.26030972599983198679
-9999 -9999 -9999 -9999 -9999 -9999 -9999 -9999 -9999 -9999 -9999 -9999 -9999 -9999 -9999 -9999 -9999 -9999 -9999 -9999 -9999 -9999 -9999 -9999 0.063946187496185302734 0.0064724157564341995921 0.53717917203903198242 0.41180527210235601254 0.17373885214328799176 0.063177235424518599083 0.059356912970542900776 0.06765633076429369841 0.24252668023109399953 0.17304815351962998804 0.077946484088897705078 0.15144588053226498703 0.083973288536071805099 0.10414229333400699951 0.090183906257152599006 0.041350964456796597546 0.034016378223895998856 0.0032583808060735498791 0.049012765288353001003 0.068950697779655498176 0.053999096155166598221 0.052939616143703502327 0.078428283333778395225 0.091044947504997295051 0.23605425655841799637 0.60531562566757202148 0.14022341370582599995 0.32421335577964799368 0.2794211208820340242 0.2709343731403350275 0.14018137753009798918
