data/sorghum-harvest-doy_0.5deg_4326_wgs84_world.asc
NCOLS 720 
NROWS 360 
XLLCORNER -180 
YLLCORNER -90 
CELLSIZE 0.5 
NODATA_value -9999 
[rows 175 to 209 of 360, columns 390 to 467 of 720]
340 320 289 302 289 289 289 289 289 289 289 289 289 289 289 289 289 289 289 289 289 289 289 289 289 289 289 289 289 289 289 243 243 243 243 243 243 243 243 243 240 240 240 245 245 245 260 260 190 190 190 190 190 190 190 205 205 205 205 220 220 -9999 -9999 -9999 -9999 -9999 -9999 -9999 -9999 -9999 -9999 -9999 -9999 -9999 -9999 -9999 -9999 -9999
289 289 289 289 289 289 289 289 289 289 289 289 289 289 289 289 289 289 289 289 289 289 289 289 289 289 289 289 289 289 289 289 243 243 243 243 243 243 243 243 240 245 240 245 245 260 260 260 190 190 190 190 190 220 220 205 205 220 220 220 -9999 -9999 -9999 -9999 -9999 -9999 -9999 -9999 -9999 -9999 -9999 -9999 -9999 -9999 -9999 -9999 -9999 -9999
289 289 289 289 289 289 289 289 289 289 289 289 289 289 289 289 289 289 289 289 289 289 289 289 289 289 289 289 289 289 243 243 243 243 243 243 243 243 243 243 240 245 245 245 260 260 260 210 190 190 235 235 235 235 235 220 220 220 -9999 -9999 -9999 -9999 -9999 -9999 -9999 -9999 -9999 -9999 -9999 -9999 -9999 -9999 -9999 -9999 -9999 -9999 -9999 -9999
289 289 289 289 289 289 289 289 289 289 289 289 289 289 289 289 289 289 289 289 289 289 289 289 289 289 289 289 289 289 243 243 243 243 243 243 243 243 243 215 245 245 245 260 260 260 190 190 190 190 235 235 235 235 235 220 220 -9999 -9999 -9999 -9999 -9999 -9999 -9999 -9999 -9999 -9999 -9999 -9999 -9999 -9999 -9999 -9999 -9999 -9999 -9999 -9999 -9999
304 289 289 289 289 289 289 289 289 289 289 289 289 289 289 289 289 289 289 289 289 289 289 289 289 289 289 289 289 289 243 243 243 243 243 243 243 243 200 215 225 245 245 260 260 210 190 190 190 190 235 235 235 235 235 235 -9999 -9999 -9999 -9999 -9999 -9999 -9999 -9999 -9999 -9999 -9999 -9999 -9999 -9999 -9999 -9999 -9999 -9999 -9999 -9999 -9999 -9999
289 289 289 289 289 289 289 289 289 289 289 289 289 289 289 289 289 289 289 289 289 289 289 289 289 289 289 289 289 243 243 243 243 243 243 243 243 243 205 205 220 245 245 195 195 190 190 190 190 190 235 235 235 235 235 -9999 -9999 -9999 -9999 -9999 -9999 -9999 -9999 -9999 -9999 -9999 -9999 -9999 -9999 -9999 -9999 -9999 -9999 -9999 -9999 -9999 -9999 -9999
289 289 289 289 289 289 289 289 289 289 289 289 289 289 289 289 289 289 289 289 289 289 289 289 289 289 289 289 289 243 243 243 243 243 243 243 120 214 205 190 200 215 245 190 190 190 190 190 190 190 235 235 235 235 -9999 -9999 -9999 -9999 -9999 -9999 -9999 -9999 -9999 -9999 -9999 -9999 -9999 -9999 -9999 -9999 -9999 -9999 -9999 -9999 -9999 -9999 -9999 -9999
289 289 289 289 289 289 289 289 289 289 289 289 289 289 289 289 289 289 289 289 289 289 289 289 289 289 289 289 289 243 20 185 185 185 185 190 190 190 190 215 215 215 215 205 200 190 190 190 190 190 250 235 235 235 -9999 -9999 -9999 -9999 -9999 -9999 -9999 -9999 -9999 -9999 -9999 -9999 -9999 -9999 -9999 -9999 -9999 -9999 -9999 -9999 -9999 -9999 -9999 -9999
289 289 289 289 289 289 289 289 289 289 289 289 289 289 289 289 289 289 289 289 289 289 289 289 289 289 289 289 35 35 35 20 185 185 185 185 185 190 190 190 175 215 195 195 190 190 190 190 190 190 250 235 250 -9999 -9999 -9999 -9999 -9999 -9999 -9999 -9999 -9999 -9999 -9999 -9999 -9999 -9999 -9999 -9999 -9999 -9999 -9999 -9999 -9999 -9999 -9999 -9999 -9999
304 304 304 304 304 304 289 289 289 289 289 289 289 289 289 304 304 304 304 304 304 304 304 304 289 304 289 289 35 35 20 20 185 180 185 185 185 165 190 190 190 175 175 195 195 190 190 190 190 190 250 250 -9999 -9999 -9999 -9999 -9999 -9999 -9999 -9999 -9999 -9999 -9999 -9999 -9999 -9999 -9999 -9999 -9999 -9999 -9999 -9999 -9999 -9999 -9999 -9999 -9999 -9999
304 304 304 304 304 304 304 304 304 289 289 289 289 304 304 304 304 304 304 304 304 304 304 304 304 304 304 304 35 35 35 185 185 180 180 185 185 185 165 165 175 175 175 175 195 195 185 190 190 230 -9999 -9999 -9999 -9999 -9999 -9999 -9999 -9999 -9999 -9999 -9999 -9999 -9999 -9999 -9999 -9999 -9999 -9999 -9999 -9999 -9999 -9999 -9999 -9999 -9999 -9999 -9999 -9999
304 304 304 304 304 304 304 304 304 304 304 304 304 304 304 304 304 304 304 304 304 304 304 304 304 304 304 304 35 35 35 35 185 180 180 180 185 165 165 165 175 175 175 175 205 185 185 185 230 235 -9999 -9999 -9999 -9999 -9999 -9999 -9999 -9999 -9999 -9999 -9999 -9999 -9999 -9999 -9999 -9999 -9999 -9999 -9999 -9999 -9999 -9999 -9999 -9999 -9999 -9999 -9999 -9999
304 304 304 304 304 304 304 304 304 304 304 304 304 304 304 304 304 304 304 304 304 304 304 304 304 304 304 304 35 35 35 180 180 180 175 175 175 175 165 175 180 175 175 180 180 205 185 185 235 235 -9999 -9999 -9999 -9999 -9999 -9999 -9999 -9999 -9999 -9999 -9999 -9999 -9999 -9999 -9999 -9999 -9999 -9999 -9999 -9999 -9999 -9999 -9999 -9999 -9999 -9999 -9999 -9999
304 304 304 304 304 304 304 304 304 304 304 304 304 304 304 304 304 304 304 304 304 304 304 304 304 304 304 304 181 35 180 180 180 170 175 170 170 170 165 165 180 180 180 180 180 205 205 235 235 -9999 -9999 -9999 -9999 -9999 -9999 -9999 -9999 -9999 -9999 -9999 -9999 -9999 -9999 -9999 -9999 -9999 -9999 -9999 -9999 -9999 -9999 -9999 -9999 -9999 -9999 -9999 -9999 -9999
304 304 304 304 304 304 304 304 304 304 304 304 304 304 304 304 304 304 304 304 304 304 304 304 304 304 304 304 304 180 180 180 180 170 170 170 170 170 165 165 180 165 165 180 180 180 200 200 -9999 -9999 -9999 -9999 -9999 -9999 -9999 -9999 -9999 -9999 -9999 -9999 -9999 -9999 -9999 -9999 -9999 -9999 -9999 -9999 -9999 -9999 -9999 -9999 -9999 -9999 -9999 -9999 -9999 -9999
304 304 304 304 304 304 304 304 304 304 304 304 304 304 304 304 304 304 304 304 304 304 304 304 304 304 304 304 304 180 170 170 170 170 170 170 170 170 165 165 165 165 165 180 180 200 200 200 -9999 200 -9999 -9999 -9999 -9999 -9999 -9999 -9999 -9999 -9999 -9999 -9999 -9999 -9999 -9999 -9999 -9999 -9999 -9999 -9999 -9999 -9999 -9999 -9999 -9999 -9999 -9999 -9999 -9999
304 304 304 304 304 304 304 304 304 304 304 304 304 304 304 304 304 304 304 304 304 304 304 304 304 304 304 304 304 180 170 170 170 170 170 170 170 170 165 165 165 165 165 180 200 200 200 200 -9999 -9999 -9999 -9999 -9999 -9999 -9999 -9999 -9999 -9999 -9999 -9999 -9999 -9999 -9999 -9999 -9999 -9999 -9999 -9999 -9999 -9999 -9999 -9999 -9999 -9999 -9999 -9999 -9999 -9999
160 160 160 304 304 304 304 304 304 304 304 304 304 304 304 304 304 304 304 304 304 304 304 304 304 304 304 304 304 180 180 170 170 170 170 170 170 170 165 165 165 165 165 165 185 185 215 215 215 -9999 -9999 -9999 -9999 -9999 -9999 -9999 -9999 -9999 -9999 -9999 -9999 -9999 -9999 -9999 -9999 -9999 -9999 -9999 -9999 -9999 -9999 -9999 -9999 -9999 -9999 -9999 -9999 -9999
160 160 160 160 304 304 304 304 304 304 304 304 304 304 304 304 304 304 304 304 304 304 304 304 304 304 304 304 304 304 170 170 170 170 170 170 170 165 165 165 165 165 165 185 185 185 185 215 120 -9999 -9999 -9999 -9999 -9999 -9999 -9999 -9999 -9999 -9999 -9999 -9999 -9999 -9999 -9999 -9999 -9999 -9999 -9999 -9999 -9999 -9999 -9999 -9999 -9999 -9999 -9999 -9999 -9999
160 160 160 160 304 304 304 304 304 160 160 304 304 304 304 304 304 304 304 304 304 304 304 304 304 304 304 304 304 304 304 170 170 170 170 165 165 165 165 170 170 170 170 185 185 185 185 215 215 -9999 -9999 -9999 -9999 -9999 -9999 -9999 -9999 -9999 -9999 -9999 -9999 -9999 -9999 -9999 -9999 -9999 -9999 -9999 -9999 -9999 -9999 -9999 -9999 -9999 -9999 -9999 -9999 -9999
160 160 160 160 160 304 304 304 304 160 160 160 160 160 304 304 304 304 304 304 304 304 304 304 304 304 304 304 304 304 304 170 170 170 165 165 165 165 165 170 170 170 170 170 185 185 215 215 215 -9999 -9999 -9999 -9999 -9999 -9999 -9999 -9999 -9999 -9999 -9999 -9999 -9999 -9999 -9999 -9999 -9999 -9999 -9999 -9999 -9999 -9999 -9999 -9999 -9999 -9999 -9999 -9999 -9999
160 160 160 160 160 160 160 160 160 160 160 160 160 160 304 304 304 304 304 304 304 304 304 304 304 304 304 304 304 304 304 170 170 170 170 165 165 165 165 165 170 170 185 185 185 190 190 215 120 -9999 -9999 -9999 -9999 -9999 -9999 -9999 -9999 -9999 -9999 -9999 -9999 -9999 -9999 -9999 -9999 -9999 -9999 -9999 -9999 -9999 -9999 -9999 -9999 -9999 -9999 -9999 -9999 -9999
160 160 160 160 160 160 160 160 160 160 160 160 160 170 304 304 304 304 304 304 304 304 304 304 304 304 304 304 170 170 170 170 170 170 165 165 165 165 165 175 170 185 185 185 185 190 190 190 190 -9999 -9999 -9999 -9999 -9999 -9999 -9999 -9999 -9999 -9999 -9999 -9999 -9999 -9999 -9999 -9999 -9999 -9999 -9999 -9999 -9999 -9999 -9999 -9999 -9999 -9999 -9999 -9999 -9999
160 160 160 160 160 160 160 160 160 160 160 160 170 170 304 304 304 304 304 304 304 304 304 304 304 304 304 170 170 170 170 170 170 170 170 165 165 165 175 175 175 185 185 185 185 190 190 190 190 -9999 -9999 -9999 -9999 -9999 -9999 -9999 -9999 -9999 -9999 -9999 -9999 -9999 -9999 -9999 -9999 -9999 -9999 -9999 -9999 -9999 -9999 -9999 -9999 -9999 -9999 -9999 -9999 -9999
160 160 160 160 160 160 160 160 160 160 160 170 170 170 304 304 304 304 304 304 304 304 304 304 304 304 304 170 170 170 170 170 170 170 170 170 170 170 175 175 190 185 185 185 190 190 190 190 190 -9999 -9999 -9999 -9999 -9999 -9999 -9999 -9999 -9999 -9999 -9999 -9999 -9999 -9999 -9999 -9999 -9999 -9999 -9999 -9999 -9999 -9999 -9999 -9999 -9999 -9999 -9999 -9999 -9999
160 160 160 160 160 160 160 160 160 160 170 170 170 170 170 304 304 304 304 304 304 304 304 304 304 304 304 170 170 170 170 170 170 170 170 170 170 170 170 175 190 190 190 190 190 190 190 190 190 190 -9999 -9999 -9999 -9999 -9999 -9999 -9999 -9999 -9999 -9999 -9999 -9999 -9999 -9999 -9999 -9999 -9999 -9999 -9999 -9999 -9999 -9999 -9999 -9999 -9999 -9999 -9999 -9999
160 160 160 160 160 160 160 160 160 170 170 170 170 170 170 304 304 304 304 304 304 304 304 304 304 304 304 170 170 170 170 170 170 170 170 165 165 170 170 190 190 190 190 190 190 190 190 190 190 190 120 -9999 -9999 -9999 -9999 -9999 -9999 -9999 -9999 -9999 -9999 -9999 -9999 -9999 -9999 -9999 -9999 -9999 -9999 -9999 -9999 -9999 -9999 -9999 -9999 -9999 -9999 -9999
160 160 160 160 160 160 160 160 170 170 170 170 170 170 304 170 155 155 150 304 150 304 304 304 304 304 304 170 170 170 170 170 170 170 170 165 165 170 170 190 190 190 190 190 190 190 190 190 120 120 120 -9999 -9999 -9999 -9999 -9999 -9999 -9999 -9999 -9999 -9999 -9999 -9999 -9999 -9999 -9999 -9999 -9999 -9999 -9999 -9999 -9999 -9999 -9999 -9999 -9999 -9999 -9999
160 160 160 160 160 160 160 170 170 170 170 170 170 170 170 155 155 155 155 150 150 304 304 304 151 304 304 150 170 170 170 170 170 170 170 165 165 170 170 120 120 120 120 120 120 120 120 120 120 120 120 -9999 -9999 -9999 -9999 -9999 304 -9999 -9999 -9999 -9999 -9999 -9999 -9999 -9999 -9999 -9999 -9999 -9999 -9999 -9999 -9999 -9999 -9999 -9999 -9999 -9999 -9999
160 160 160 160 160 160 170 170 170 170 170 170 170 170 170 170 155 155 155 155 150 150 150 150 150 304 304 304 150 304 170 170 170 170 170 165 165 170 170 120 120 120 120 120 120 120 120 120 120 120 120 -9999 -9999 -9999 -9999 -9999 -9999 -9999 -9999 -9999 -9999 -9999 -9999 -9999 -9999 -9999 -9999 -9999 225 -9999 -9999 -9999 -9999 -9999 -9999 -9999 -9999 -9999
160 160 160 160 160 170 170 170 170 170 170 170 170 170 170 170 155 155 155 155 155 150 150 150 150 150 150 304 304 289 155 155 170 170 165 165 170 170 170 120 120 120 120 120 120 120 120 120 120 120 120 -9999 -9999 -9999 -9999 -9999 -9999 -9999 -9999 -9999 -9999 -9999 -9999 -9999 -9999 -9999 -9999 -9999 225 -9999 -9999 -9999 -9999 -9999 -9999 -9999 -9999 -9999
160 160 160 170 170 170 170 170 170 170 170 170 170 170 170 170 170 155 155 155 155 155 155 150 150 150 150 150 289 151 155 155 155 165 165 165 170 170 170 120 120 120 120 120 120 120 120 120 120 120 120 -9999 -9999 -9999 -9999 -9999 -9999 -9999 -9999 -9999 -9999 -9999 -9999 -9999 -9999 -9999 -9999 -9999 225 225 -9999 -9999 -9999 -9999 -9999 -9999 -9999 -9999
170 170 170 170 170 170 170 170 170 170 170 170 170 170 170 170 170 155 155 155 155 155 155 155 155 155 150 155 155 155 155 155 165 165 165 165 170 170 170 170 120 120 120 120 120 120 120 120 120 120 120 -9999 -9999 -9999 -9999 -9999 -9999 -9999 -9999 -9999 -9999 -9999 -9999 -9999 -9999 -9999 120 225 225 225 -9999 -9999 -9999 -9999 -9999 -9999 -9999 -9999
170 170 170 170 170 170 170 170 170 170 170 170 170 170 170 170 170 155 155 155 155 155 155 155 155 155 155 155 155 155 165 165 165 165 165 120 120 170 170 170 170 120 120 120 120 120 120 120 120 120 120 -9999 -9999 -9999 -9999 -9999 -9999 -9999 -9999 -9999 -9999 -9999 -9999 -9999 -9999 -9999 225 225 225 225 -9999 -9999 -9999 -9999 -9999 -9999 -9999 -9999
170 170 170 170 170 170 170 170 170 170 170 170 170 170 170 170 170 155 155 155 155 155 155 155 155 155 155 155 155 160 165 165 120 120 120 120 120 120 120 170 170 170 120 120 120 120 120 120 120 120 120 120 -9999 -9999 -9999 -9999 -9999 -9999 -9999 -9999 -9999 -9999 -9999 -9999 -9999 225 225 225 225 225 -9999 -9999 -9999 -9999 -9999 -9999 -9999 -9999
