data/sorghum-planting-doy_0.5deg_4326_wgs84_world.asc
NCOLS 720 
NROWS 360 
XLLCORNER -180 
YLLCORNER -90 
CELLSIZE 0.5 
NODATA_value -9999 
[rows 175 to 209 of 360, columns 390 to 467 of 720]
125 145 166 166 136 136 136 136 136 136 136 136 136 136 136 136 136 136 136 136 136 136 136 136 136 136 136 136 136 136 136 91 91 91 91 91 91 76 76 76 100 100 100 100 100 100 105 105 90 90 90 90 90 90 90 100 100 100 100 110 110 -9999 -9999 -9999 -9999 -9999 -9999 -9999 -9999 -9999 -9999 -9999 -9999 -9999 -9999 -9999 -9999 -9999
166 166 166 166 136 136 136 136 136 136 136 136 136 136 136 136 136 136 136 136 136 136 136 136 136 136 136 136 136 136 136 136 91 91 91 76 76 76 76 76 100 100 100 100 100 105 105 105 90 90 90 90 90 100 100 100 100 110 110 110 -9999 -9999 -9999 -9999 -9999 -9999 -9999 -9999 -9999 -9999 -9999 -9999 -9999 -9999 -9999 -9999 -9999 -9999
166 166 166 166 136 136 136 136 136 136 136 136 136 136 136 136 136 136 136 136 136 136 136 136 136 136 136 136 136 136 91 91 91 91 136 76 76 76 76 76 100 100 100 100 105 105 105 95 85 115 115 115 115 115 115 100 110 110 -9999 -9999 -9999 -9999 -9999 -9999 -9999 -9999 -9999 -9999 -9999 -9999 -9999 -9999 -9999 -9999 -9999 -9999 -9999 -9999
166 166 166 136 136 136 136 136 136 136 136 136 136 136 136 136 136 136 136 136 136 136 136 136 136 136 136 136 136 136 91 91 91 136 136 76 76 76 76 95 100 100 100 105 100 95 95 85 85 115 115 115 115 115 115 100 100 -9999 -9999 -9999 -9999 -9999 -9999 -9999 -9999 -9999 -9999 -9999 -9999 -9999 -9999 -9999 -9999 -9999 -9999 -9999 -9999 -9999
152 136 136 136 136 136 136 136 136 136 136 136 136 136 136 136 136 136 136 136 136 136 136 136 136 136 136 136 136 136 91 91 136 30 30 76 76 76 90 95 90 100 100 105 105 95 90 85 85 85 115 115 115 115 115 115 -9999 -9999 -9999 -9999 -9999 -9999 -9999 -9999 -9999 -9999 -9999 -9999 -9999 -9999 -9999 -9999 -9999 -9999 -9999 -9999 -9999 -9999
136 136 136 136 136 136 136 136 136 136 136 136 136 136 136 136 136 136 136 136 136 136 136 136 136 136 136 136 136 91 91 136 30 30 30 30 76 76 85 85 100 100 100 95 95 90 85 85 85 85 115 115 115 115 115 -9999 -9999 -9999 -9999 -9999 -9999 -9999 -9999 -9999 -9999 -9999 -9999 -9999 -9999 -9999 -9999 -9999 -9999 -9999 -9999 -9999 -9999 -9999
136 136 136 136 136 136 136 136 136 136 136 136 136 136 136 136 136 136 136 136 136 136 136 136 136 136 136 136 136 91 274 30 30 30 30 30 335 335 85 80 80 85 100 90 90 90 85 85 85 85 115 115 115 115 -9999 -9999 -9999 -9999 -9999 -9999 -9999 -9999 -9999 -9999 -9999 -9999 -9999 -9999 -9999 -9999 -9999 -9999 -9999 -9999 -9999 -9999 -9999 -9999
136 136 136 136 136 136 136 136 136 136 136 136 136 136 136 136 136 136 136 136 136 136 136 136 136 136 136 136 136 274 280 80 80 80 80 80 80 80 80 85 85 85 85 90 90 85 85 85 85 85 105 115 115 115 -9999 -9999 -9999 -9999 -9999 -9999 -9999 -9999 -9999 -9999 -9999 -9999 -9999 -9999 -9999 -9999 -9999 -9999 -9999 -9999 -9999 -9999 -9999 -9999
136 136 136 136 136 136 136 136 136 136 136 136 136 136 136 136 136 136 136 136 136 136 136 136 136 136 136 136 275 275 275 280 80 80 80 305 305 80 80 80 320 85 90 90 85 85 85 85 85 85 105 105 105 -9999 -9999 -9999 -9999 -9999 -9999 -9999 -9999 -9999 -9999 -9999 -9999 -9999 -9999 -9999 -9999 -9999 -9999 -9999 -9999 -9999 -9999 -9999 -9999 -9999
152 152 152 152 152 152 136 136 136 136 136 136 136 136 136 152 152 152 152 152 136 152 152 152 136 152 136 152 275 275 280 280 80 310 305 305 305 315 80 80 80 320 320 90 90 85 85 85 85 85 105 105 -9999 -9999 -9999 -9999 -9999 -9999 -9999 -9999 -9999 -9999 -9999 -9999 -9999 -9999 -9999 -9999 -9999 -9999 -9999 -9999 -9999 -9999 -9999 -9999 -9999 -9999
152 152 152 152 152 152 152 152 152 136 136 136 136 152 152 152 152 152 152 152 152 152 152 152 152 152 152 152 290 275 280 80 80 310 310 305 305 305 315 315 320 320 320 320 90 90 80 85 80 105 -9999 -9999 -9999 -9999 -9999 -9999 -9999 -9999 -9999 -9999 -9999 -9999 -9999 -9999 -9999 -9999 -9999 -9999 -9999 -9999 -9999 -9999 -9999 -9999 -9999 -9999 -9999 -9999
152 152 152 152 152 152 152 152 152 152 152 152 152 152 152 152 152 152 152 152 152 152 152 152 152 152 152 152 290 290 280 280 80 310 310 310 305 315 315 315 320 320 320 320 90 80 80 80 105 105 -9999 -9999 -9999 -9999 -9999 -9999 -9999 -9999 -9999 -9999 -9999 -9999 -9999 -9999 -9999 -9999 -9999 -9999 -9999 -9999 -9999 -9999 -9999 -9999 -9999 -9999 -9999 -9999
152 152 152 152 152 152 152 152 152 152 152 152 152 152 152 152 152 152 152 152 152 152 152 152 152 152 152 152 290 290 280 305 305 310 310 310 310 310 315 320 335 320 320 335 335 90 80 80 90 105 -9999 -9999 -9999 -9999 -9999 -9999 -9999 -9999 -9999 -9999 -9999 -9999 -9999 -9999 -9999 -9999 -9999 -9999 -9999 -9999 -9999 -9999 -9999 -9999 -9999 -9999 -9999 -9999
152 152 152 152 152 152 152 152 152 152 152 152 152 152 152 152 152 152 152 152 152 152 152 152 152 152 152 152 32 290 305 305 305 310 310 310 310 310 330 330 335 335 335 335 335 90 90 90 90 -9999 -9999 -9999 -9999 -9999 -9999 -9999 -9999 -9999 -9999 -9999 -9999 -9999 -9999 -9999 -9999 -9999 -9999 -9999 -9999 -9999 -9999 -9999 -9999 -9999 -9999 -9999 -9999 -9999
152 152 152 152 152 152 152 152 152 152 152 152 152 152 152 152 152 152 152 152 152 152 152 152 152 152 152 152 152 305 305 305 305 310 310 310 310 310 330 330 335 335 335 335 335 335 325 325 -9999 -9999 -9999 -9999 -9999 -9999 -9999 -9999 -9999 -9999 -9999 -9999 -9999 -9999 -9999 -9999 -9999 -9999 -9999 -9999 -9999 -9999 -9999 -9999 -9999 -9999 -9999 -9999 -9999 -9999
152 152 152 152 152 152 152 152 152 152 152 152 152 152 152 152 152 152 152 152 152 152 152 152 152 152 152 152 152 305 310 310 310 310 310 310 310 310 330 330 335 335 335 335 335 325 325 325 -9999 325 -9999 -9999 -9999 -9999 -9999 -9999 -9999 -9999 -9999 -9999 -9999 -9999 -9999 -9999 -9999 -9999 -9999 -9999 -9999 -9999 -9999 -9999 -9999 -9999 -9999 -9999 -9999 -9999
152 152 152 152 152 152 152 152 152 152 152 152 152 152 152 152 152 152 152 152 152 152 152 152 152 152 152 152 152 305 310 310 310 310 310 310 310 310 330 330 330 335 335 335 325 325 325 325 -9999 -9999 -9999 -9999 -9999 -9999 -9999 -9999 -9999 -9999 -9999 -9999 -9999 -9999 -9999 -9999 -9999 -9999 -9999 -9999 -9999 -9999 -9999 -9999 -9999 -9999 -9999 -9999 -9999 -9999
295 295 295 152 152 152 152 152 152 152 152 152 152 152 152 152 152 152 152 152 152 152 152 152 152 152 152 152 152 305 305 310 310 310 310 310 310 310 330 330 335 335 335 335 335 335 320 320 320 -9999 -9999 -9999 -9999 -9999 -9999 -9999 -9999 -9999 -9999 -9999 -9999 -9999 -9999 -9999 -9999 -9999 -9999 -9999 -9999 -9999 -9999 -9999 -9999 -9999 -9999 -9999 -9999 -9999
295 295 295 295 152 152 152 152 152 152 152 152 152 152 152 152 152 152 152 152 152 152 152 152 152 152 152 152 152 152 310 310 310 310 310 310 310 330 330 330 335 335 335 335 335 335 335 320 335 -9999 -9999 -9999 -9999 -9999 -9999 -9999 -9999 -9999 -9999 -9999 -9999 -9999 -9999 -9999 -9999 -9999 -9999 -9999 -9999 -9999 -9999 -9999 -9999 -9999 -9999 -9999 -9999 -9999
295 295 295 295 152 152 152 152 152 295 295 152 152 152 152 152 152 152 152 152 152 152 152 152 152 152 152 152 152 152 152 315 315 310 310 325 325 325 330 335 335 335 335 335 335 335 335 320 320 -9999 -9999 -9999 -9999 -9999 -9999 -9999 -9999 -9999 -9999 -9999 -9999 -9999 -9999 -9999 -9999 -9999 -9999 -9999 -9999 -9999 -9999 -9999 -9999 -9999 -9999 -9999 -9999 -9999
295 295 295 295 295 152 152 152 152 295 295 295 295 295 152 152 152 152 152 152 152 152 152 152 152 152 152 152 152 152 152 315 315 315 325 325 325 325 325 335 335 335 335 335 335 335 320 320 320 -9999 -9999 -9999 -9999 -9999 -9999 -9999 -9999 -9999 -9999 -9999 -9999 -9999 -9999 -9999 -9999 -9999 -9999 -9999 -9999 -9999 -9999 -9999 -9999 -9999 -9999 -9999 -9999 -9999
295 295 295 295 295 295 295 295 295 295 295 295 295 295 152 152 152 152 152 152 152 152 152 152 152 152 152 152 152 152 152 330 315 315 315 325 325 325 325 325 335 335 335 335 335 325 325 320 1 -9999 -9999 -9999 -9999 -9999 -9999 -9999 -9999 -9999 -9999 -9999 -9999 -9999 -9999 -9999 -9999 -9999 -9999 -9999 -9999 -9999 -9999 -9999 -9999 -9999 -9999 -9999 -9999 -9999
295 295 295 295 295 295 295 295 295 295 295 295 295 305 152 152 152 152 152 152 152 152 152 152 152 152 152 152 330 330 330 330 330 315 325 325 325 325 325 330 335 335 335 335 335 325 325 325 325 -9999 -9999 -9999 -9999 -9999 -9999 -9999 -9999 -9999 -9999 -9999 -9999 -9999 -9999 -9999 -9999 -9999 -9999 -9999 -9999 -9999 -9999 -9999 -9999 -9999 -9999 -9999 -9999 -9999
295 295 295 295 295 295 295 295 295 295 295 295 305 305 152 152 152 152 152 152 152 152 152 152 152 152 152 330 330 330 330 330 330 330 330 325 325 325 330 330 330 335 335 335 335 325 325 325 325 -9999 -9999 -9999 -9999 -9999 -9999 -9999 -9999 -9999 -9999 -9999 -9999 -9999 -9999 -9999 -9999 -9999 -9999 -9999 -9999 -9999 -9999 -9999 -9999 -9999 -9999 -9999 -9999 -9999
295 295 295 295 295 295 295 295 295 295 295 305 305 305 152 152 152 152 152 152 152 152 152 152 152 152 152 330 330 330 330 330 330 330 330 330 330 350 330 330 330 335 335 335 325 325 325 325 325 -9999 -9999 -9999 -9999 -9999 -9999 -9999 -9999 -9999 -9999 -9999 -9999 -9999 -9999 -9999 -9999 -9999 -9999 -9999 -9999 -9999 -9999 -9999 -9999 -9999 -9999 -9999 -9999 -9999
295 295 295 295 295 295 295 295 295 295 305 305 305 305 305 152 152 152 152 152 152 152 152 152 152 152 152 330 330 330 330 330 330 330 330 330 330 350 330 330 330 330 330 330 325 325 325 325 325 325 -9999 -9999 -9999 -9999 -9999 -9999 -9999 -9999 -9999 -9999 -9999 -9999 -9999 -9999 -9999 -9999 -9999 -9999 -9999 -9999 -9999 -9999 -9999 -9999 -9999 -9999 -9999 -9999
295 295 295 295 295 295 295 295 295 305 305 305 305 305 305 152 152 152 152 152 152 152 152 152 152 152 152 330 330 330 330 330 330 330 330 330 330 350 330 330 330 330 330 330 330 330 340 340 340 340 335 -9999 -9999 -9999 -9999 -9999 -9999 -9999 -9999 -9999 -9999 -9999 -9999 -9999 -9999 -9999 -9999 -9999 -9999 -9999 -9999 -9999 -9999 -9999 -9999 -9999 -9999 -9999
295 295 295 295 295 295 295 295 305 305 305 305 305 305 152 305 325 325 325 152 325 152 152 152 152 152 152 330 330 330 330 330 330 330 330 330 330 350 330 330 330 330 330 330 330 330 340 340 335 335 335 -9999 -9999 -9999 -9999 -9999 -9999 -9999 -9999 -9999 -9999 -9999 -9999 -9999 -9999 -9999 -9999 -9999 -9999 -9999 -9999 -9999 -9999 -9999 -9999 -9999 -9999 -9999
295 295 295 295 295 295 295 305 305 305 305 305 305 305 305 325 325 325 325 325 325 152 152 152 350 152 152 325 330 330 330 330 330 330 330 330 330 350 350 335 335 335 335 335 335 335 335 335 335 335 335 -9999 -9999 -9999 -9999 -9999 152 -9999 -9999 -9999 -9999 -9999 -9999 -9999 -9999 -9999 -9999 -9999 -9999 -9999 -9999 -9999 -9999 -9999 -9999 -9999 -9999 -9999
295 295 295 295 295 295 305 305 305 305 305 305 305 305 305 305 325 325 325 325 325 325 325 325 325 152 152 152 325 152 330 330 330 330 330 330 330 350 350 335 335 335 335 335 335 335 335 335 335 335 335 -9999 -9999 -9999 -9999 -9999 -9999 -9999 -9999 -9999 -9999 -9999 -9999 -9999 -9999 -9999 -9999 -9999 360 -9999 -9999 -9999 -9999 -9999 -9999 -9999 -9999 -9999
295 295 295 295 295 305 305 305 305 305 305 305 305 305 305 305 325 325 325 325 325 325 325 325 325 325 325 152 152 136 325 325 330 330 330 330 350 350 350 335 335 335 335 335 335 335 335 335 335 335 335 -9999 -9999 -9999 -9999 -9999 -9999 -9999 -9999 -9999 -9999 -9999 -9999 -9999 -9999 -9999 -9999 -9999 360 -9999 -9999 -9999 -9999 -9999 -9999 -9999 -9999 -9999
295 295 295 295 305 305 305 305 305 305 305 305 305 305 305 305 305 325 325 325 325 325 325 325 325 325 325 325 136 350 325 325 325 330 330 330 350 350 350 335 335 335 335 335 335 335 335 335 335 335 335 -9999 -9999 -9999 -9999 -9999 -9999 -9999 -9999 -9999 -9999 -9999 -9999 -9999 -9999 -9999 -9999 -9999 360 360 -9999 -9999 -9999 -9999 -9999 -9999 -9999 -9999
310 310 310 310 305 305 305 305 305 305 305 305 305 305 305 305 305 325 325 325 325 325 325 325 325 325 325 325 325 325 325 325 330 330 330 330 350 350 350 350 335 335 335 335 335 335 335 335 335 335 335 -9999 -9999 -9999 -9999 -9999 -9999 -9999 -9999 -9999 -9999 -9999 -9999 -9999 -9999 -9999 335 360 360 360 -9999 -9999 -9999 -9999 -9999 -9999 -9999 -9999
310 310 310 305 305 305 305 305 305 305 305 305 305 305 305 305 305 325 325 325 325 325 325 325 325 325 325 325 325 325 330 330 330 330 330 335 335 350 350 350 350 335 335 335 335 335 335 335 335 335 335 -9999 -9999 -9999 -9999 -9999 -9999 -9999 -9999 -9999 -9999 -9999 -9999 -9999 -9999 -9999 360 360 360 360 -9999 -9999 -9999 -9999 -9999 -9999 -9999 -9999
310 310 310 305 305 305 305 305 305 305 305 305 305 305 305 305 305 325 325 325 325 325 325 325 325 325 325 325 325 325 330 330 335 335 335 335 335 335 335 350 350 350 335 335 335 335 335 335 335 335 335 335 -9999 -9999 -9999 -9999 -9999 -9999 -9999 -9999 -9999 -9999 -9999 -9999 -9999 360 360 360 360 360 -9999 -9999 -9999 -9999 -9999 -9999 -9999 -9999
